Short name	Median APOBEC contribution	Median NonAPOBEC contribution	Median remainder contribution	Frequency	Selection intensity	Median 1 contribution	Median 2 contribution	Median 3 contribution	Median 4 contribution	Median 5 contribution	Median 6 contribution	Median 7 contribution	Median 8 contribution	Median 9 contribution	Median 10 contribution	Median 11 contribution	Median 12 contribution	Median 13 contribution	Median 14 contribution	Median 15 contribution	Median 16 contribution	Median 17 contribution	Median 18 contribution	Median 19 contribution	Median 20 contribution	Median 21 contribution	Median 22 contribution	Median 23 contribution	Median 24 contribution	Median 25 contribution	Median 26 contribution	Median 27 contribution	Median 28 contribution	Median 29 contribution	Median 30 contribution	Mutation rate	Selection from APOBEC	Selection from NonAPOBEC	Selection from remainder	Selection from 1	Selection from 2	Selection from 3	Selection from 4	Selection from 5	Selection from 6	Selection from 7	Selection from 8	Selection from 9	Selection from 10	Selection from 11	Selection from 12	Selection from 13	Selection from 14	Selection from 15	Selection from 16	Selection from 17	Selection from 18	Selection from 19	Selection from 20	Selection from 21	Selection from 22	Selection from 23	Selection from 24	Selection from 25	Selection from 26	Selection from 27	Selection from 28	Selection from 29	Selection from 30	prevalence	APOBEC type TCW	HPV_status
PIK3CA E545K	0.87	0.13	0.06	16	29054.98	0.01	0.61	0.01	0	0	0	0	0	0	0	0	0	0.26	0	0	0.03	0	0	0	0	0	0	0	0	0	0	0	0	0	0	5.81840682234249e-07	896.77	134	61.85	10.31	628.77	10.31	0	0	0	0	0	0	0	0	0	268	0	0	30.92	0	0	0	0	0	0	0	0	0	0	0	0	0	0	0.0354767184035477	True	HPV−
TP53 R283P	0.52	0.48	0.48	2	317262.48	0	0.5	0.48	0	0	0	0	0	0	0	0	0	0.02	0	0	0	0	0	0	0	0	0	0	0	0	0	0	0	0	0	2.47783298710628e-06	731.6	675.33	675.33	0	703.46	675.33	0	0	0	0	0	0	0	0	0	28.14	0	0	0	0	0	0	0	0	0	0	0	0	0	0	0	0	0	0.00443458980044346	False	HPV−
PIK3CA E542K	0.86	0.14	0.05	11	20102.7	0.01	0.63	0	0	0	0	0	0	0	0	0	0	0.14	0	0	0.01	0	0	0	0	0	0	0	0	0	0	0	0	0	0	5.81840682234249e-07	421.67	68.64	24.52	4.9	308.9	0	0	0	0	0	0	0	0	0	0	68.64	0	0	4.9	0	0	0	0	0	0	0	0	0	0	0	0	0	0	0.024390243902439	True	HPV−
TP53 R196P	0.83	0.17	0.17	2	77476.27	0.01	0.17	0.08	0	0.08	0	0	0	0	0	0.01	0	0.66	0	0	0	0	0	0	0	0	0	0	0	0	0	0	0	0	0	2.47783298710628e-06	285.17	58.41	58.41	3.44	58.41	27.49	0	27.49	0	0	0	0	0	3.44	0	226.76	0	0	0	0	0	0	0	0	0	0	0	0	0	0	0	0	0	0.00443458980044346	False	HPV−
CCDC50 A 191098615 C NCSNV	0.1	0.9	0	2	344248.07	0.19	0.08	0	0	0	0	0	0	0	0	0	0	0.02	0	0	0.71	0	0	0	0	0	0	0	0	0	0	0	0	0	0	7.80419414305795e-07	152.66	1373.94	0	290.05	122.13	0	0	0	0	0	0	0	0	0	0	30.53	0	0	1083.89	0	0	0	0	0	0	0	0	0	0	0	0	0	0	0.00443458980044346	False	HPV−
HRAS G13V	0.2	0.8	0.21	7	48641.34	0.51	0.09	0	0	0	0	0	0	0	0	0	0	0.1	0	0	0	0	0	0	0	0	0	0	0	0	0	0	0	0	0	1.25827103974429e-06	150.99	603.97	158.54	385.03	67.95	0	0	0	0	0	0	0	0	0	0	75.5	0	0	0	0	0	0	0	0	0	0	0	0	0	0	0	0	0	0.0155210643015521	False	HPV−
TP53 R213*	0.12	0.88	0.07	10	35416.82	0.51	0.12	0	0	0	0	0	0	0	0	0	0	0.05	0	0	0.03	0	0	0	0	0	0	0	0	0	0	0	0	0	0	2.47783298710628e-06	94.24	691.06	54.97	400.5	94.24	0	0	0	0	0	0	0	0	0	0	39.26	0	0	23.56	0	0	0	0	0	0	0	0	0	0	0	0	0	0	0.0221729490022173	False	HPV−
TP53 P278S	0.59	0.41	0.04	5	12618.48	0	0.5	0	0	0	0	0	0	0	0	0	0	0.06	0	0	0.17	0	0	0	0	0	0	0	0	0	0	0	0	0	0	2.47783298710628e-06	82.54	57.36	5.6	0	69.95	0	0	0	0	0	0	0	0	0	0	8.39	0	0	23.78	0	0	0	0	0	0	0	0	0	0	0	0	0	0	0.0110864745011086	False	HPV−
TP53 E298*	0.04	0.96	0.12	6	154380.27	0	0.03	0.03	0.52	0	0	0	0.02	0	0	0	0	0.03	0	0	0.18	0	0	0	0	0	0	0	0	0	0	0	0	0	0	2.47783298710628e-06	82.15	1971.69	246.46	0	61.62	61.62	1068	0	0	0	41.08	0	0	0	0	61.62	0	0	369.69	0	0	0	0	0	0	0	0	0	0	0	0	0	0	0.0133037694013304	False	HPV−
TP53 R175H	0.05	0.95	0.07	12	55715.02	0.87	0	0	0	0	0	0	0	0	0	0	0	0.04	0	0	0.02	0	0	0	0	0	0	0	0	0	0	0	0	0	0	2.47783298710628e-06	74.12	1408.32	103.77	1289.72	0	0	0	0	0	0	0	0	0	0	0	59.3	0	0	29.65	0	0	0	0	0	0	0	0	0	0	0	0	0	0	0.0266075388026608	False	HPV−
FAT1 E1994*	0.44	0.56	0	2	32596.86	0	0.15	0	0	0	0	0	0	0	0	0	0	0.29	0	0	0.56	0	0	0	0	0	0	0	0	0	0	0	0	0	0	1.85275973188559e-06	63.6	80.95	0	0	21.68	0	0	0	0	0	0	0	0	0	0	41.92	0	0	80.95	0	0	0	0	0	0	0	0	0	0	0	0	0	0	0.00443458980044346	False	HPV−
FBXW7 R505G	0.06	0.94	0.58	4	108090.66	0.21	0.01	0	0	0	0	0	0	0	0	0.03	0	0.06	0	0	0.07	0	0.21	0	0	0	0	0	0	0	0	0	0	0	0	1.81534813083364e-06	57.52	901.15	556.03	201.32	9.59	0	0	0	0	0	0	0	0	28.76	0	57.52	0	0	67.11	0	201.32	0	0	0	0	0	0	0	0	0	0	0	0	0.00886917960088692	False	HPV−
ZBTB10 C 81471465 G NCSNV	0.53	0.47	0.03	2	22927.08	0.11	0.03	0	0	0	0	0	0	0	0	0	0	0.5	0	0	0.33	0	0	0	0	0	0	0	0	0	0.03	0	0	0	0	1.17180841871488e-06	53.89	47.79	3.05	11.18	3.05	0	0	0	0	0	0	0	0	0	0	50.84	0	0	33.55	0	0	0	0	0	0	0	0	0	3.05	0	0	0	0	0.00443458980044346	False	HPV−
C9orf53 C 21968242 T NCSNV	0.58	0.42	0.16	5	7701.08	0.07	0.58	0	0	0	0	0	0	0	0	0	0	0.12	0	0	0	0	0	0	0	0	0	0	0	0	0	0	0	0	0	1.05332768220425e-06	49.52	35.86	13.66	5.98	49.52	0	0	0	0	0	0	0	0	0	0	10.25	0	0	0	0	0	0	0	0	0	0	0	0	0	0	0	0	0	0.0110864745011086	True	HPV−
TP53 E294*	0.42	0.58	0.25	3	16712.82	0.13	0	0	0	0	0	0	0	0	0	0	0	0.42	0	0	0.18	0	0	0	0	0	0	0	0	0	0	0	0	0	0	2.47783298710628e-06	46.69	64.48	27.79	14.45	0	0	0	0	0	0	0	0	0	0	0	46.69	0	0	20.01	0	0	0	0	0	0	0	0	0	0	0	0	0	0	0.00665188470066519	False	HPV−
BCAS1 C 52491801 G NCSNV	0.8	0.2	0	2	12909.12	0	0.07	0	0	0	0	0	0	0	0	0	0	0.73	0	0	0.2	0	0	0	0	0	0	0	0	0	0	0	0	0	0	2.17752782245485e-06	45.8	11.45	0	0	4.01	0	0	0	0	0	0	0	0	0	0	41.79	0	0	11.45	0	0	0	0	0	0	0	0	0	0	0	0	0	0	0.00443458980044346	False	HPV−
EPHA2 S419*	1	0	0	4	5014.73	0	0.1	0	0	0	0	0	0	0	0	0	0	0.89	0	0	0	0	0	0	0	0	0	0	0	0	0	0	0	0	0	8.24601935522171e-07	44.48	0	0	0	4.45	0	0	0	0	0	0	0	0	0	0	39.58	0	0	0	0	0	0	0	0	0	0	0	0	0	0	0	0	0	0.00886917960088692	True	HPV−
FAM21C E1034K	0.75	0.25	0.01	2	12291.06	0.19	0.6	0.01	0	0	0	0	0	0	0	0	0	0.15	0	0	0.05	0	0	0	0	0	0	0	0	0	0	0	0	0	0	5.96562648615301e-07	40.88	13.63	0.55	10.36	32.7	0.55	0	0	0	0	0	0	0	0	0	8.18	0	0	2.73	0	0	0	0	0	0	0	0	0	0	0	0	0	0	0.00443458980044346	False	HPV−
EPHA3 T802R	0.15	0.85	0.54	2	58346.98	0.32	0.13	0.48	0	0	0	0	0	0	0	0	0	0.01	0	0	0	0	0	0	0	0	0	0	0	0	0.06	0	0	0	0	3.48802474171544e-06	38.81	219.93	139.72	82.8	33.64	124.2	0	0	0	0	0	0	0	0	0	2.59	0	0	0	0	0	0	0	0	0	0	0	0	15.52	0	0	0	0	0.00443458980044346	False	HPV−
EYS G 66498423 A NCSNV	0.47	0.53	0.05	2	18085.74	0.45	0.02	0	0	0	0	0	0.01	0	0	0.01	0	0.45	0	0	0.04	0	0	0	0	0	0	0	0	0	0	0	0	0	0.02	5.3502023528973e-07	37.7	42.51	4.01	36.09	1.6	0	0	0	0	0	0.8	0	0	0.8	0	36.09	0	0	3.21	0	0	0	0	0	0	0	0	0	0	0	0	0	1.6	0.00443458980044346	False	HPV−
NOTCH1 E455K	0.75	0.25	0.24	3	6377.37	0.25	0.65	0	0	0	0	0.23	0	0	0	0	0	0.07	0	0	0	0	0	0	0	0	0	0	0	0	0	0	0	0	0	1.62272399290789e-06	31.82	10.61	10.18	10.61	27.57	0	0	0	0	9.76	0	0	0	0	0	2.97	0	0	0	0	0	0	0	0	0	0	0	0	0	0	0	0	0	0.00665188470066519	False	HPV−
TP53 R273C	0.08	0.92	0.27	6	28343.49	0.7	0	0.01	0	0	0	0	0	0	0	0	0	0.07	0	0	0	0	0	0	0	0	0	0	0	0	0	0	0	0	0	2.47783298710628e-06	30.17	346.91	101.81	263.95	0	3.77	0	0	0	0	0	0	0	0	0	26.4	0	0	0	0	0	0	0	0	0	0	0	0	0	0	0	0	0	0.0133037694013304	False	HPV−
TP53 G245S	0.1	0.9	0.19	5	24406.95	0.72	0.09	0	0	0	0	0	0	0	0	0	0	0	0	0	0	0	0	0	0	0	0	0	0	0	0	0	0	0	0	2.47783298710628e-06	27.06	243.53	51.41	194.82	24.35	0	0	0	0	0	0	0	0	0	0	0	0	0	0	0	0	0	0	0	0	0	0	0	0	0	0	0	0	0.0110864745011086	False	HPV−
CASP8 Q524*	0.98	0.02	0.01	4	3092.3	0.01	0.71	0	0	0	0	0	0	0	0	0	0	0.28	0	0	0	0	0	0	0	0	0	0	0	0	0	0	0	0	0	1.4004065447481e-06	26.88	0.55	0.27	0.27	19.47	0	0	0	0	0	0	0	0	0	0	7.68	0	0	0	0	0	0	0	0	0	0	0	0	0	0	0	0	0	0.00886917960088692	True	HPV−
TP53 R196*	0.05	0.95	0.16	7	33970.47	0.77	0.05	0	0	0	0	0	0	0	0	0	0	0	0	0	0	0	0	0	0	0	0	0	0	0	0	0	0	0	0	2.47783298710628e-06	26.36	500.89	84.36	405.99	26.36	0	0	0	0	0	0	0	0	0	0	0	0	0	0	0	0	0	0	0	0	0	0	0	0	0	0	0	0	0.0155210643015521	False	HPV−
AP1G2 D243N	0.66	0.34	0.14	2	8736.47	0.18	0.58	0.02	0.01	0	0	0	0	0	0	0.03	0	0.08	0	0	0.01	0	0.05	0	0	0	0	0	0.02	0	0.03	0	0	0	0	7.55443140240922e-07	25.57	13.17	5.42	6.97	22.47	0.77	0.39	0	0	0	0	0	0	1.16	0	3.1	0	0	0.39	0	1.94	0	0	0	0	0	0.77	0	1.16	0	0	0	0	0.00443458980044346	False	HPV−
NCOR1 P1081L	0.37	0.63	0.24	2	15408.42	0.39	0.36	0	0	0	0	0	0	0	0	0	0	0.01	0	0	0	0	0	0	0	0	0	0	0	0	0.04	0	0	0	0.21	6.2710280716573e-07	25.28	43.05	16.4	26.65	24.6	0	0	0	0	0	0	0	0	0	0	0.68	0	0	0	0	0	0	0	0	0	0	0	0	2.73	0	0	0	14.35	0.00443458980044346	False	HPV−
CASP8 R292W	0.98	0.02	0.02	2	5733.84	0	0.87	0	0	0	0	0	0	0	0	0	0	0.11	0	0	0	0	0	0	0	0	0	0	0	0	0	0	0	0	0.02	1.4004065447481e-06	24.92	0.51	0.51	0	22.12	0	0	0	0	0	0	0	0	0	0	2.8	0	0	0	0	0	0	0	0	0	0	0	0	0	0	0	0	0.51	0.00443458980044346	False	HPV−
TP53 E56*	0.65	0.35	0.04	2	8414.3	0.06	0.17	0	0	0	0	0	0.04	0	0	0	0	0.48	0	0	0.25	0	0	0	0	0	0	0	0	0	0	0	0	0	0	2.47783298710628e-06	24.25	13.06	1.49	2.24	6.34	0	0	0	0	0	1.49	0	0	0	0	17.91	0	0	9.33	0	0	0	0	0	0	0	0	0	0	0	0	0	0	0.00443458980044346	False	HPV−
HIST2H2BE F71L	0.98	0.02	0.01	2	5546.51	0.01	0.12	0	0	0.01	0	0	0	0	0	0	0	0.86	0	0	0	0	0	0	0	0	0	0	0	0	0	0	0	0	0	1.52658713388811e-06	24.1	0.49	0.25	0.25	2.95	0	0	0.25	0	0	0	0	0	0	0	21.15	0	0	0	0	0	0	0	0	0	0	0	0	0	0	0	0	0	0.00443458980044346	False	HPV−
MAPK1 E322K	0.34	0.66	0.04	3	10575.86	0.37	0.25	0	0	0	0	0	0	0	0	0	0	0.08	0	0	0	0	0	0	0	0	0	0	0	0	0	0	0	0	0	9.58948293776664e-07	23.92	46.43	2.81	26.03	17.59	0	0	0	0	0	0	0	0	0	0	5.63	0	0	0	0	0	0	0	0	0	0	0	0	0	0	0	0	0	0.00665188470066519	False	HPV−
TGFBR2 E544K	1	0	0	4	2686.5	0	0.76	0	0	0	0	0	0	0	0	0	0	0.24	0	0	0	0	0	0	0	0	0	0	0	0	0	0	0	0	0	1.45748394503118e-06	23.83	0	0	0	18.11	0	0	0	0	0	0	0	0	0	0	5.72	0	0	0	0	0	0	0	0	0	0	0	0	0	0	0	0	0	0.00886917960088692	True	HPV−
TP53 Q144*	0.43	0.57	0.02	2	12370.88	0.28	0.3	0	0	0	0	0	0	0	0	0	0	0.13	0	0	0.27	0	0.02	0	0	0	0	0	0	0	0	0	0	0	0	2.47783298710628e-06	23.59	31.27	1.1	15.36	16.46	0	0	0	0	0	0	0	0	0	0	7.13	0	0	14.81	0	1.1	0	0	0	0	0	0	0	0	0	0	0	0	0.00443458980044346	False	HPV−
MAP2 E865*	0.12	0.88	0.72	2	41914.85	0	0.03	0.02	0	0	0	0.38	0	0	0	0.12	0	0.09	0	0	0.16	0	0	0	0	0	0	0	0	0	0	0	0	0.2	0	1.28839712616359e-06	22.31	163.57	133.83	0	5.58	3.72	0	0	0	70.63	0	0	0	22.31	0	16.73	0	0	29.74	0	0	0	0	0	0	0	0	0	0	0	0	37.18	0	0.00443458980044346	False	HPV−
MB21D2 Q311E	1	0	0	3	3322.19	0	0.13	0	0	0	0	0	0	0	0	0	0	0.87	0	0	0	0	0	0	0	0	0	0	0	0	0	0	0	0	0	1.40276576266354e-06	22.1	0	0	0	2.87	0	0	0	0	0	0	0	0	0	0	19.23	0	0	0	0	0	0	0	0	0	0	0	0	0	0	0	0	0	0.00665188470066519	True	HPV−
APC R283Q	0.52	0.48	0.46	2	9534.13	0	0.48	0.01	0.01	0	0.24	0	0	0	0	0	0	0.04	0.02	0	0.01	0	0	0	0.13	0	0	0	0	0	0	0	0	0.06	0	7.67003551701439e-07	21.99	20.29	19.45	0	20.29	0.42	0.42	0	10.15	0	0	0	0	0	0	1.69	0.85	0	0.42	0	0	0	5.5	0	0	0	0	0	0	0	0	2.54	0	0.00443458980044346	False	HPV−
TSHZ3 E841*	0.35	0.65	0.07	2	13765.71	0.08	0.11	0.07	0	0	0	0	0	0	0	0	0	0.23	0	0	0.5	0	0	0	0	0	0	0	0	0	0	0	0	0	0	3.54635325309827e-06	21.37	39.68	4.27	4.88	6.71	4.27	0	0	0	0	0	0	0	0	0	14.04	0	0	30.52	0	0	0	0	0	0	0	0	0	0	0	0	0	0	0.00443458980044346	False	HPV−
ZNF43 G422A	0.76	0.24	0.1	2	6245.39	0	0	0.1	0	0	0	0	0	0	0	0	0	0.76	0	0	0.14	0	0	0	0	0	0	0	0	0	0	0	0	0	0	1.79165118955181e-06	21.05	6.65	2.77	0	0	2.77	0	0	0	0	0	0	0	0	0	21.05	0	0	3.88	0	0	0	0	0	0	0	0	0	0	0	0	0	0	0.00443458980044346	False	HPV−
CNNM3 E422K	0.74	0.26	0.02	2	6349.65	0.19	0.64	0	0	0	0	0	0	0	0	0	0	0.1	0	0	0.05	0	0.02	0	0	0	0	0	0	0	0	0	0	0	0	9.51480970457865e-07	20.84	7.32	0.56	5.35	18.02	0	0	0	0	0	0	0	0	0	0	2.82	0	0	1.41	0	0.56	0	0	0	0	0	0	0	0	0	0	0	0	0.00443458980044346	False	HPV−
ZZZ3 R5Q	0.36	0.64	0.15	2	13042.79	0.39	0.3	0	0	0.08	0	0	0.03	0	0	0	0	0.06	0	0	0.09	0	0.05	0	0	0	0	0	0	0	0	0	0	0	0	5.43731142713303e-07	20.82	37.02	8.68	22.56	17.35	0	0	4.63	0	0	1.74	0	0	0	0	3.47	0	0	5.21	0	2.89	0	0	0	0	0	0	0	0	0	0	0	0	0.00443458980044346	False	HPV−
RAC1 A178V	0.09	0.91	0.12	5	20439.34	0.85	0	0	0	0	0	0	0	0	0	0	0	0.09	0	0	0	0	0	0	0	0	0	0	0	0	0	0	0	0	0	1.0570424431068e-06	20.39	206.21	27.19	192.61	0	0	0	0	0	0	0	0	0	0	0	20.39	0	0	0	0	0	0	0	0	0	0	0	0	0	0	0	0	0	0.0110864745011086	False	HPV−
NFE2L2 E79K	0.88	0.12	0.09	3	3460.17	0.03	0.73	0	0	0.03	0	0	0	0	0	0	0	0.15	0	0	0	0	0	0	0.01	0	0	0	0	0	0	0	0	0	0.05	1.57560369803306e-06	20.25	2.76	2.07	0.69	16.8	0	0	0.69	0	0	0	0	0	0	0	3.45	0	0	0	0	0	0	0.23	0	0	0	0	0	0	0	0	0	1.15	0.00665188470066519	True	HPV−
RHOA E40Q	0.97	0.03	0.02	3	2876.72	0	0.08	0.02	0	0	0	0	0	0	0	0	0	0.89	0	0	0	0	0	0	0	0	0	0	0	0	0	0	0	0	0	1.64603454670147e-06	18.56	0.57	0.38	0	1.53	0.38	0	0	0	0	0	0	0	0	0	17.03	0	0	0	0	0	0	0	0	0	0	0	0	0	0	0	0	0	0.00665188470066519	True	HPV−
TP53 H193L	0.02	0.98	0.64	5	81763.32	0	0.02	0	0	0	0	0	0	0	0	0	0	0	0	0	0	0	0	0	0	0	0	0	0	0	0	0	0	0	0	2.47783298710628e-06	18.13	888.34	580.14	0	18.13	0	0	0	0	0	0	0	0	0	0	0	0	0	0	0	0	0	0	0	0	0	0	0	0	0	0	0	0	0.0110864745011086	False	HPV−
TP53 S106R	0.38	0.62	0.38	2	10732.36	0.09	0.03	0.38	0	0	0	0	0	0	0	0	0	0.35	0	0	0.16	0	0	0	0	0	0	0	0	0	0	0	0	0	0	2.47783298710628e-06	18.09	29.51	18.09	4.28	1.43	18.09	0	0	0	0	0	0	0	0	0	16.66	0	0	7.61	0	0	0	0	0	0	0	0	0	0	0	0	0	0	0.00443458980044346	False	HPV−
ARHGAP9 G 57868406 A NCSNV	0.31	0.69	0.33	2	12893.21	0.36	0.31	0.24	0	0	0	0	0	0	0	0	0	0	0	0	0	0	0	0	0	0	0	0	0	0	0	0	0	0.1	0	1.17336258220114e-06	17.72	39.45	18.87	20.58	17.72	13.72	0	0	0	0	0	0	0	0	0	0	0	0	0	0	0	0	0	0	0	0	0	0	0	0	0	5.72	0	0.00443458980044346	False	HPV−
CASP8 R494*	0.29	0.71	0.19	3	8590.17	0.46	0.25	0	0	0	0	0	0	0	0	0	0	0.04	0	0	0	0	0	0	0	0	0	0	0	0	0	0	0	0	0	1.4004065447481e-06	16.57	40.57	10.86	26.28	14.29	0	0	0	0	0	0	0	0	0	0	2.29	0	0	0	0	0	0	0	0	0	0	0	0	0	0	0	0	0	0.00665188470066519	False	HPV−
FAT1 R885*	0.77	0.23	0.03	2	4539.17	0.2	0.69	0	0	0	0	0	0	0	0	0	0	0.08	0	0	0	0	0	0	0	0	0	0	0	0	0	0	0	0	0.03	1.85275973188559e-06	15.5	4.63	0.6	4.03	13.89	0	0	0	0	0	0	0	0	0	0	1.61	0	0	0	0	0	0	0	0	0	0	0	0	0	0	0	0	0.6	0.00443458980044346	False	HPV−
TP53 G266E	0.68	0.32	0.05	2	5092.42	0.08	0.57	0.05	0	0	0	0	0	0	0	0	0	0.11	0	0	0.2	0	0	0	0	0	0	0	0	0	0	0	0	0	0	2.47783298710628e-06	15.36	7.23	1.13	1.81	12.87	1.13	0	0	0	0	0	0	0	0	0	2.48	0	0	4.52	0	0	0	0	0	0	0	0	0	0	0	0	0	0	0.00443458980044346	False	HPV−
NFE2L2 D29H	0.91	0.09	0	3	2467.3	0	0.13	0	0	0	0	0	0	0	0	0	0	0.78	0	0	0.06	0	0	0	0	0	0	0	0	0	0	0	0	0	0	1.57560369803306e-06	14.94	1.48	0	0	2.13	0	0	0	0	0	0	0	0	0	0	12.8	0	0	0.98	0	0	0	0	0	0	0	0	0	0	0	0	0	0	0.00665188470066519	True	HPV−
KIAA1109 I225M	1	0	0	2	3361	0	0.07	0	0	0	0	0	0	0	0	0	0	0.93	0	0	0	0	0	0	0	0	0	0	0	0	0	0	0	0	0	9.68874296201065e-07	14.9	0	0	0	1.04	0	0	0	0	0	0	0	0	0	0	13.86	0	0	0	0	0	0	0	0	0	0	0	0	0	0	0	0	0	0.00443458980044346	True	HPV−
MYH9 E530K	0.57	0.43	0.01	3	3908.23	0.41	0.48	0.01	0	0	0	0	0	0	0	0	0	0.09	0	0	0	0	0	0	0	0	0	0	0	0	0	0	0	0	0	2.66240083469103e-06	14.82	11.18	0.26	10.66	12.48	0.26	0	0	0	0	0	0	0	0	0	2.34	0	0	0	0	0	0	0	0	0	0	0	0	0	0	0	0	0	0.00665188470066519	False	HPV−
TP53 E285K	0.95	0.05	0	2	3487.57	0.02	0.77	0	0	0	0	0	0	0	0	0	0	0.18	0	0	0.04	0	0	0	0	0	0	0	0	0	0	0	0	0	0	2.47783298710628e-06	14.69	0.77	0	0.31	11.91	0	0	0	0	0	0	0	0	0	0	2.78	0	0	0.62	0	0	0	0	0	0	0	0	0	0	0	0	0	0	0.00443458980044346	True	HPV−
HOXB5 E170K	0.71	0.29	0.16	2	4598.3	0.13	0.62	0	0	0.06	0	0	0.02	0	0	0	0	0.09	0	0.02	0	0	0	0.06	0	0	0	0	0	0	0	0	0	0	0	1.31905716220026e-06	14.48	5.91	3.26	2.65	12.64	0	0	1.22	0	0	0.41	0	0	0	0	1.84	0	0.41	0	0	0	1.22	0	0	0	0	0	0	0	0	0	0	0	0.00443458980044346	False	HPV−
SLC44A2 F459F	0.53	0.47	0.14	3	3950.24	0.32	0.48	0	0	0	0	0.13	0	0	0	0	0	0.05	0	0	0	0	0	0	0	0	0	0	0	0	0.01	0	0	0	0	2.53423689049728e-06	13.93	12.35	3.68	8.41	12.61	0	0	0	0	3.42	0	0	0	0	0	1.31	0	0	0	0	0	0	0	0	0	0	0	0	0.26	0	0	0	0	0.00665188470066519	False	HPV−
TP53 Q192*	0.71	0.29	0	3	2931.4	0.04	0.71	0	0	0	0	0	0	0	0	0	0	0.19	0	0	0.16	0	0	0	0	0	0	0	0	0	0	0	0	0	0	2.47783298710628e-06	13.84	5.65	0	0.78	13.84	0	0	0	0	0	0	0	0	0	0	3.7	0	0	3.12	0	0	0	0	0	0	0	0	0	0	0	0	0	0	0.00665188470066519	True	HPV−
TP53 V173M	0.12	0.88	0.05	3	17282.54	0	0.1	0	0	0	0	0	0	0	0	0	0	0.02	0	0	0.4	0	0	0	0	0	0	0	0	0	0	0	0	0	0	2.47783298710628e-06	13.8	101.17	5.75	0	11.5	0	0	0	0	0	0	0	0	0	0	2.3	0	0	45.98	0	0	0	0	0	0	0	0	0	0	0	0	0	0	0.00665188470066519	False	HPV−
FAM21C D460N	0.93	0.07	0.04	2	3322.5	0.01	0.64	0.01	0	0	0	0	0.01	0	0	0	0	0.28	0	0	0.03	0	0	0	0	0	0	0	0	0	0.02	0	0	0	0	5.96562648615301e-07	13.7	1.03	0.59	0.15	9.43	0.15	0	0	0	0	0.15	0	0	0	0	4.13	0	0	0.44	0	0	0	0	0	0	0	0	0	0.29	0	0	0	0	0.00443458980044346	True	HPV−
CDKN2A P135L	0.03	0.97	0.19	19	10782.64	0.76	0.03	0	0	0	0	0	0	0	0	0	0	0	0	0	0.01	0	0	0	0	0	0	0	0	0	0	0	0	0	0	8.09042843531518e-06	13.63	440.63	86.31	345.24	13.63	0	0	0	0	0	0	0	0	0	0	0	0	0	4.54	0	0	0	0	0	0	0	0	0	0	0	0	0	0	0.0421286031042129	False	HPV−
TP53 E68*	0.38	0.62	0.18	2	8026.44	0.04	0.1	0	0.19	0	0	0	0.16	0	0	0	0	0.28	0	0	0.2	0	0	0.02	0	0	0	0	0	0	0	0	0	0	0	2.47783298710628e-06	13.53	22.07	6.41	1.42	3.56	0	6.76	0	0	0	5.7	0	0	0	0	9.97	0	0	7.12	0	0	0.71	0	0	0	0	0	0	0	0	0	0	0	0.00443458980044346	False	HPV−
ZNF253 C 20003622 G NCSNV	0.87	0.13	0	2	3436.78	0	0.1	0	0	0	0	0	0	0	0	0	0	0.77	0	0	0.13	0	0	0	0	0	0	0	0	0	0	0	0	0	0	6.91379948692775e-07	13.26	1.98	0	0	1.52	0	0	0	0	0	0	0	0	0	0	11.74	0	0	1.98	0	0	0	0	0	0	0	0	0	0	0	0	0	0	0.00443458980044346	True	HPV−
TP53 R110L	0.01	0.99	0	4	148673.59	0.14	0.01	0	0	0	0	0	0	0	0	0	0	0	0	0	0.85	0	0	0	0	0	0	0	0	0	0	0	0	0	0	2.47783298710628e-06	13.19	1305.43	0	184.61	13.19	0	0	0	0	0	0	0	0	0	0	0	0	0	1120.82	0	0	0	0	0	0	0	0	0	0	0	0	0	0	0.00886917960088692	False	HPV−
NCOR1 E2306K	0.97	0.03	0	2	3066.22	0	0.7	0	0	0	0	0	0	0	0	0	0	0.27	0	0	0.03	0	0	0	0	0	0	0	0	0	0	0	0	0	0	6.2710280716573e-07	13.19	0.41	0	0	9.52	0	0	0	0	0	0	0	0	0	0	3.67	0	0	0.41	0	0	0	0	0	0	0	0	0	0	0	0	0	0	0.00443458980044346	True	HPV−
OR4F15 R183W	0.76	0.24	0.15	2	3899.59	0.07	0.65	0	0	0	0	0	0	0	0.15	0	0	0.12	0	0	0.02	0	0	0	0	0	0	0	0	0	0	0	0	0	0	1.82775325838029e-06	13.14	4.15	2.59	1.21	11.24	0	0	0	0	0	0	0	2.59	0	0	2.08	0	0	0.35	0	0	0	0	0	0	0	0	0	0	0	0	0	0	0.00443458980044346	False	HPV−
SMTN E901K	0.74	0.26	0.13	2	3972.17	0.08	0.6	0.09	0	0.04	0	0	0	0	0	0	0	0.15	0	0	0.04	0	0	0	0	0	0	0	0	0	0	0	0	0	0	1.15327866464388e-06	13.04	4.58	2.29	1.41	10.57	1.59	0	0.7	0	0	0	0	0	0	0	2.64	0	0	0.7	0	0	0	0	0	0	0	0	0	0	0	0	0	0	0.00443458980044346	False	HPV−
TP53 R158L	0.05	0.95	0.36	2	58109.64	0.11	0.04	0.2	0.44	0	0	0	0	0	0.02	0	0	0.01	0.13	0	0.06	0	0	0	0	0	0	0	0	0	0	0	0	0	0	2.47783298710628e-06	12.88	244.81	92.77	28.35	10.31	51.54	113.38	0	0	0	0	0	5.15	0	0	2.58	33.5	0	15.46	0	0	0	0	0	0	0	0	0	0	0	0	0	0	0.00443458980044346	False	HPV−
CDT1 C 88870221 T NCSNV	0.68	0.32	0	2	3905.72	0.25	0.56	0	0	0	0	0	0	0	0	0	0	0.12	0	0	0.06	0	0	0	0	0	0	0	0	0	0	0	0	0	0	1.54455646813022e-06	11.78	5.54	0	4.33	9.7	0	0	0	0	0	0	0	0	0	0	2.08	0	0	1.04	0	0	0	0	0	0	0	0	0	0	0	0	0	0	0.00443458980044346	False	HPV−
TP53 R248W	0.03	0.97	0.28	6	29202.61	0.69	0.03	0	0	0	0	0	0	0	0	0	0	0	0	0	0	0	0	0	0	0	0	0	0	0	0	0	0	0	0	2.47783298710628e-06	11.66	376.85	108.78	268.07	11.66	0	0	0	0	0	0	0	0	0	0	0	0	0	0	0	0	0	0	0	0	0	0	0	0	0	0	0	0	0.0133037694013304	False	HPV−
CCDC135 E313K	0.9	0.1	0.1	2	2855.88	0	0.7	0	0	0	0	0	0.01	0	0	0	0	0.2	0	0	0	0	0	0	0	0	0	0	0	0	0	0	0	0	0.08	2.40897995159484e-06	11.4	1.27	1.27	0	8.87	0	0	0	0	0	0.13	0	0	0	0	2.53	0	0	0	0	0	0	0	0	0	0	0	0	0	0	0	0	1.01	0.00443458980044346	False	HPV−
TP53 Y163C	0.04	0.96	0.07	4	31903.84	0.06	0	0	0	0	0	0	0	0	0	0	0	0.04	0	0	0.86	0	0	0	0	0	0	0	0	0	0	0	0	0	0	2.47783298710628e-06	11.32	271.64	19.81	16.98	0	0	0	0	0	0	0	0	0	0	0	11.32	0	0	243.35	0	0	0	0	0	0	0	0	0	0	0	0	0	0	0.00886917960088692	False	HPV−
TP53 R306*	0.03	0.97	0.19	6	28343.49	0.78	0	0	0	0	0	0	0	0	0	0	0	0.03	0	0	0	0	0	0	0	0	0	0	0	0	0	0	0	0	0	2.47783298710628e-06	11.31	365.76	71.64	294.12	0	0	0	0	0	0	0	0	0	0	0	11.31	0	0	0	0	0	0	0	0	0	0	0	0	0	0	0	0	0	0.0133037694013304	False	HPV−
CDK20 G 90744635 A NCSNV	0.79	0.21	0.16	2	3179.53	0.02	0.67	0.05	0.01	0	0.01	0.07	0	0	0	0	0	0.12	0.02	0	0.02	0	0	0	0.01	0	0	0	0	0	0	0	0	0	0	1.01773641246766e-06	11.14	2.96	2.26	0.28	9.45	0.7	0.14	0	0.14	0.99	0	0	0	0	0	1.69	0.28	0	0.28	0	0	0	0.14	0	0	0	0	0	0	0	0	0	0	0.00443458980044346	True	HPV−
HLA-B Q250E	0.99	0.01	0	2	2530.71	0	0.11	0	0	0	0	0	0	0	0	0	0	0.88	0	0	0	0	0	0	0	0	0	0	0	0	0	0	0	0	0	1.18829512573173e-06	11.11	0.11	0	0	1.23	0	0	0	0	0	0	0	0	0	0	9.88	0	0	0	0	0	0	0	0	0	0	0	0	0	0	0	0	0	0.00443458980044346	True	HPV−
ANKHD1 L376V	0.95	0.05	0.04	2	2475.83	0	0.13	0.03	0	0	0	0	0	0	0	0	0	0.83	0	0	0.01	0	0	0	0	0	0	0	0	0	0	0	0	0	0	9.64882152628032e-07	10.43	0.55	0.44	0	1.43	0.33	0	0	0	0	0	0	0	0	0	9.11	0	0	0.11	0	0	0	0	0	0	0	0	0	0	0	0	0	0	0.00443458980044346	True	HPV−
AL117190.3 C 101421722 T NCSNV	0.25	0.75	0.57	2	9373.33	0	0.24	0.06	0.17	0.3	0	0.18	0	0	0	0	0	0.02	0	0	0	0	0	0	0	0	0	0	0	0.03	0	0	0	0	0	9.15523103274653e-07	10.39	31.18	23.69	0	9.98	2.49	7.07	12.47	0	7.48	0	0	0	0	0	0.83	0	0	0	0	0	0	0	0	0	0	0	1.25	0	0	0	0	0	0.00443458980044346	False	HPV−
KRT14 G 39740666 A NCSNV	0.76	0.24	0.02	2	3075.05	0.02	0.66	0.01	0	0	0	0	0	0	0.01	0	0	0.1	0	0	0.2	0	0	0	0	0	0	0	0	0	0	0	0	0	0	1.56465125598433e-06	10.36	3.27	0.27	0.27	9	0.14	0	0	0	0	0	0	0.14	0	0	1.36	0	0	2.73	0	0	0	0	0	0	0	0	0	0	0	0	0	0	0.00443458980044346	False	HPV−
MYC S161L	0.92	0.08	0.05	3	1533.74	0.03	0.77	0	0	0	0	0	0	0	0	0.01	0	0.2	0	0	0	0	0	0	0	0	0	0	0	0	0	0	0	0	0	1.71759126136137e-06	9.39	0.82	0.51	0.31	7.86	0	0	0	0	0	0	0	0	0.1	0	2.04	0	0	0	0	0	0	0	0	0	0	0	0	0	0	0	0	0	0.00665188470066519	True	HPV−
B2M E97K	0.99	0.01	0	2	2125.46	0	0.68	0	0	0	0	0	0	0	0	0	0	0.31	0	0	0.01	0	0	0	0	0	0	0	0	0	0	0	0	0	0	9.34626767580861e-07	9.33	0.09	0	0	6.41	0	0	0	0	0	0	0	0	0	0	2.92	0	0	0.09	0	0	0	0	0	0	0	0	0	0	0	0	0	0	0.00443458980044346	True	HPV−
PLEKHG4 E744K	0.44	0.56	0.3	2	4579.31	0.03	0.29	0.05	0.08	0.2	0	0	0.02	0	0	0	0	0.14	0	0	0.15	0	0.03	0	0	0	0	0	0	0	0	0	0	0	0	9.66237590452639e-07	8.94	11.37	6.09	0.61	5.89	1.02	1.62	4.06	0	0	0.41	0	0	0	0	2.84	0	0	3.05	0	0.61	0	0	0	0	0	0	0	0	0	0	0	0	0.00443458980044346	False	HPV−
UMODL1 L581L	0.79	0.21	0.07	2	2476.97	0.14	0.58	0	0	0.03	0	0	0	0	0	0	0	0.21	0	0	0	0	0	0	0	0	0	0	0	0	0	0	0	0.03	0	2.108959938545e-06	8.68	2.31	0.77	1.54	6.37	0	0	0.33	0	0	0	0	0	0	0	2.31	0	0	0	0	0	0	0	0	0	0	0	0	0	0	0	0.33	0	0.00443458980044346	False	HPV−
NSD1 R788*	0.16	0.84	0.62	2	12087.25	0	0.15	0	0	0	0.42	0	0	0	0	0.19	0	0	0	0	0.22	0	0	0	0	0	0	0	0.02	0	0	0	0	0	0	8.47940663199301e-07	8.58	45.03	33.23	0	8.04	0	0	0	22.51	0	0	0	0	10.18	0	0	0	0	11.79	0	0	0	0	0	0	0	1.07	0	0	0	0	0	0	0.00443458980044346	False	HPV−
SMPDL3B F275F	0.64	0.36	0	2	3009.82	0.33	0.48	0	0	0	0	0	0	0	0	0	0	0.16	0	0	0.03	0	0	0	0	0	0	0	0	0	0	0	0	0	0	2.16861931558405e-06	8.54	4.81	0	4.4	6.41	0	0	0	0	0	0	0	0	0	0	2.14	0	0	0.4	0	0	0	0	0	0	0	0	0	0	0	0	0	0	0.00443458980044346	False	HPV−
HRAS G12S	0.03	0.97	0.13	6	21328.12	0.82	0.03	0	0	0	0	0	0	0	0	0	0	0	0	0	0	0	0	0	0	0	0	0	0	0	0	0	0	0	0	1.25827103974429e-06	8.51	275.23	36.89	232.67	8.51	0	0	0	0	0	0	0	0	0	0	0	0	0	0	0	0	0	0	0	0	0	0	0	0	0	0	0	0	0.0133037694013304	False	HPV−
SLC27A1 F620F	0.98	0.02	0	2	1923.22	0.02	0.8	0	0	0	0	0	0	0	0	0	0	0.18	0	0	0	0	0	0	0	0	0	0	0	0	0	0	0	0	0	2.2094325586518e-06	8.36	0.17	0	0.17	6.82	0	0	0	0	0	0	0	0	0	0	1.54	0	0	0	0	0	0	0	0	0	0	0	0	0	0	0	0	0	0.00443458980044346	False	HPV−
WTAP E346K	0.8	0.2	0.03	2	2328.96	0	0.23	0.02	0	0	0	0	0	0	0	0	0	0.57	0	0	0.17	0	0	0.01	0	0	0	0	0	0	0	0	0	0	0	7.99610028077604e-07	8.26	2.07	0.31	0	2.38	0.21	0	0	0	0	0	0	0	0	0	5.89	0	0	1.76	0	0	0.1	0	0	0	0	0	0	0	0	0	0	0	0.00443458980044346	True	HPV−
TP53 R249S	0.08	0.92	0.4	2	21859.83	0.11	0.01	0.23	0	0	0	0	0	0	0	0	0	0.08	0	0.04	0.4	0	0.11	0.02	0	0	0	0	0	0	0	0	0	0	0	2.47783298710628e-06	7.76	89.18	38.78	10.66	0.97	22.3	0	0	0	0	0	0	0	0	0	7.76	0	3.88	38.78	0	10.66	1.94	0	0	0	0	0	0	0	0	0	0	0	0.00443458980044346	False	HPV−
TP53 Q331*	0.85	0.15	0.1	2	1960.09	0	0.56	0	0	0.01	0	0	0	0	0	0	0	0.29	0	0	0.04	0	0	0	0	0	0	0	0.01	0	0	0	0	0	0.08	2.47783298710628e-06	7.39	1.3	0.87	0	4.87	0	0	0.09	0	0	0	0	0	0	0	2.52	0	0	0.35	0	0	0	0	0	0	0	0.09	0	0	0	0	0	0.7	0.00443458980044346	True	HPV−
KIAA1407 R673W	0.19	0.81	0.07	2	8649.09	0.4	0.02	0	0	0	0	0	0	0	0	0	0	0.18	0	0	0.34	0	0	0	0	0	0	0	0	0	0.07	0	0	0	0	1.116673156472e-06	7.29	31.07	2.68	15.34	0.77	0	0	0	0	0	0	0	0	0	0	6.9	0	0	13.04	0	0	0	0	0	0	0	0	0	2.68	0	0	0	0	0.00443458980044346	False	HPV−
TGFBR2 S320*	0.99	0.01	0	2	1622.46	0	0.08	0	0	0	0	0	0	0	0	0	0	0.91	0	0	0	0	0	0	0	0	0	0	0	0	0	0	0	0	0	1.45748394503118e-06	7.12	0.07	0	0	0.58	0	0	0	0	0	0	0	0	0	0	6.55	0	0	0	0	0	0	0	0	0	0	0	0	0	0	0	0	0	0.00443458980044346	True	HPV−
OR2D3 R70C	0.2	0.8	0.52	2	8011.52	0.24	0.18	0	0	0	0	0.48	0	0	0	0.01	0	0.02	0	0	0.04	0	0	0	0	0	0	0	0.02	0	0	0	0	0	0	8.77361799605171e-07	7.11	28.42	18.47	8.53	6.4	0	0	0	0	17.05	0	0	0	0.36	0	0.71	0	0	1.42	0	0	0	0	0	0	0	0.71	0	0	0	0	0	0	0.00443458980044346	False	HPV−
SP140L D419N	0.19	0.81	0.32	2	8423.72	0.46	0.17	0	0	0	0	0.22	0	0	0	0.01	0	0.02	0	0	0.03	0.03	0.01	0.04	0	0	0	0	0	0	0.02	0	0	0	0	8.31009761569232e-07	7.1	30.26	11.95	17.18	6.35	0	0	0	0	8.22	0	0	0	0.37	0	0.75	0	0	1.12	1.12	0.37	1.49	0	0	0	0	0	0	0.75	0	0	0	0	0.00443458980044346	False	HPV−
TSPYL5 S193L	0.42	0.58	0.55	2	3754.33	0	0.35	0.01	0.01	0	0	0.39	0.07	0	0	0	0	0.08	0	0	0.02	0	0	0.04	0	0	0	0	0	0.04	0	0	0	0	0	1.66825412948084e-06	6.99	9.66	9.16	0	5.83	0.17	0.17	0	0	6.49	1.17	0	0	0	0	1.33	0	0	0.33	0	0	0.67	0	0	0	0	0	0.67	0	0	0	0	0	0.00443458980044346	False	HPV−
NFE2L2 E79Q	0.94	0.06	0.02	2	1646.81	0	0.07	0.01	0	0	0	0	0	0	0	0	0	0.87	0	0	0.03	0	0	0	0	0	0	0	0	0	0	0	0	0	0	1.57560369803306e-06	6.86	0.44	0.15	0	0.51	0.07	0	0	0	0	0	0	0	0	0	6.35	0	0	0.22	0	0	0	0	0	0	0	0	0	0	0	0	0	0	0.00443458980044346	True	HPV−
HUWE1 E3771K	1	0	0	2	1545.19	0	0.8	0	0	0	0	0	0	0	0	0	0	0.2	0	0	0	0	0	0	0	0	0	0	0	0	0	0	0	0	0	1.29692723489909e-06	6.85	0	0	0	5.48	0	0	0	0	0	0	0	0	0	0	1.37	0	0	0	0	0	0	0	0	0	0	0	0	0	0	0	0	0	0.00443458980044346	True	HPV−
KIAA0226 G 197349060 A NCSNV	0.26	0.74	0.52	2	5905.99	0.14	0.12	0	0	0.3	0	0	0	0	0	0	0	0.14	0	0	0.08	0	0	0	0	0	0	0	0	0	0	0	0	0	0.22	2.12580081507014e-06	6.81	19.38	13.62	3.67	3.14	0	0	7.86	0	0	0	0	0	0	0	3.67	0	0	2.1	0	0	0	0	0	0	0	0	0	0	0	0	0	5.76	0.00443458980044346	False	HPV−
TP53 C176Y	0.12	0.88	0.44	2	12370.88	0	0.08	0	0	0.24	0	0	0.02	0	0	0	0	0.04	0	0	0.44	0	0	0	0	0	0	0	0	0	0	0	0	0	0.18	2.47783298710628e-06	6.58	48.28	24.14	0	4.39	0	0	13.17	0	0	1.1	0	0	0	0	2.19	0	0	24.14	0	0	0	0	0	0	0	0	0	0	0	0	0	9.87	0.00443458980044346	False	HPV−
FAT1 S3373*	0.99	0.01	0.01	2	1478.66	0	0.22	0.01	0	0	0	0	0	0	0	0	0	0.77	0	0	0	0	0	0	0	0	0	0	0	0	0	0	0	0	0	1.85275973188559e-06	6.49	0.07	0.07	0	1.44	0.07	0	0	0	0	0	0	0	0	0	5.05	0	0	0	0	0	0	0	0	0	0	0	0	0	0	0	0	0	0.00443458980044346	True	HPV−
FAT1 S1200*	0.99	0.01	0	2	1478.66	0	0.14	0	0	0	0	0	0	0	0	0	0	0.86	0	0	0	0	0	0	0	0	0	0	0	0	0	0	0	0	0	1.85275973188559e-06	6.49	0.07	0	0	0.92	0	0	0	0	0	0	0	0	0	0	5.64	0	0	0	0	0	0	0	0	0	0	0	0	0	0	0	0	0	0.00443458980044346	True	HPV−
HUWE1 E4177K	0.94	0.06	0.02	2	1545.19	0.03	0.77	0	0	0.01	0	0	0	0	0	0	0	0.18	0	0	0.01	0	0	0	0	0	0	0	0	0	0	0	0	0	0.01	1.29692723489909e-06	6.44	0.41	0.14	0.21	5.28	0	0	0.07	0	0	0	0	0	0	0	1.23	0	0	0.07	0	0	0	0	0	0	0	0	0	0	0	0	0	0.07	0.00443458980044346	True	HPV−
ITGB1 D158N	0.14	0.86	0.3	2	10297.27	0.55	0.13	0	0	0.03	0.03	0	0.01	0	0.16	0	0	0.02	0	0	0.01	0	0.02	0	0	0	0	0	0	0	0	0	0	0	0.06	6.61439267101547e-07	6.39	39.27	13.7	25.12	5.94	0	0	1.37	1.37	0	0.46	0	7.31	0	0	0.91	0	0	0.46	0	0.91	0	0	0	0	0	0	0	0	0	0	0	2.74	0.00443458980044346	False	HPV−
TP53 Q136*	0.16	0.84	0.09	2	8929.65	0.12	0.11	0	0	0	0	0	0	0	0	0.09	0	0.05	0	0	0.63	0	0	0	0	0	0	0	0	0	0	0	0	0	0	2.47783298710628e-06	6.34	33.26	3.56	4.75	4.36	0	0	0	0	0	0	0	0	3.56	0	1.98	0	0	24.95	0	0	0	0	0	0	0	0	0	0	0	0	0	0	0.00443458980044346	False	HPV−
CASP8 R472*	0.08	0.92	0.38	3	11668.94	0.53	0.08	0	0	0	0	0	0	0	0	0.07	0	0	0	0	0	0	0	0	0	0	0	0	0	0	0	0	0	0	0	1.4004065447481e-06	6.21	71.41	29.5	41.14	6.21	0	0	0	0	0	0	0	0	5.43	0	0	0	0	0	0	0	0	0	0	0	0	0	0	0	0	0	0	0	0.00665188470066519	False	HPV−
TP53 C242F	0.09	0.91	0.53	2	15553.61	0	0.05	0.02	0.38	0.5	0	0	0	0	0	0	0.01	0.03	0	0	0	0	0	0	0	0	0	0	0	0	0	0	0	0	0	2.47783298710628e-06	6.21	62.77	36.56	0	3.45	1.38	26.21	34.49	0	0	0	0	0	0	0.69	2.07	0	0	0	0	0	0	0	0	0	0	0	0	0	0	0	0	0	0.00443458980044346	False	HPV−
FLOT1 G 30698343 C NCSNV	0.85	0.15	0.03	2	1576.38	0	0.09	0.03	0	0	0	0	0	0	0	0	0	0.76	0	0	0.12	0	0	0	0	0	0	0	0	0	0	0	0	0	0	1.49664633881926e-06	5.94	1.05	0.21	0	0.63	0.21	0	0	0	0	0	0	0	0	0	5.31	0	0	0.84	0	0	0	0	0	0	0	0	0	0	0	0	0	0	0.00443458980044346	True	HPV−
GIGYF2 S221*	0.49	0.51	0.07	2	2712.17	0.07	0.05	0.01	0	0	0	0	0.05	0	0	0	0	0.44	0	0	0.38	0	0	0	0	0	0	0	0	0	0	0	0	0	0	8.57281118402809e-07	5.89	6.13	0.84	0.84	0.6	0.12	0	0	0	0	0.6	0	0	0	0	5.29	0	0	4.57	0	0	0	0	0	0	0	0	0	0	0	0	0	0	0.00443458980044346	True	HPV−
ZNF710 F388F	0.49	0.51	0.21	2	2712.78	0.27	0.43	0	0	0	0.18	0	0	0	0	0	0	0.06	0	0	0.03	0	0	0	0	0.02	0	0	0	0	0	0	0	0	0	2.30289705931808e-06	5.89	6.14	2.53	3.25	5.17	0	0	0	2.17	0	0	0	0	0	0	0.72	0	0	0.36	0	0	0	0	0.24	0	0	0	0	0	0	0	0	0	0.00443458980044346	False	HPV−
TP53 G245V	0.03	0.97	0.3	3	29263.11	0.07	0	0.19	0	0.05	0	0	0	0	0	0	0	0.02	0	0	0.59	0	0	0.03	0	0	0	0	0	0	0.03	0	0	0	0	2.47783298710628e-06	5.84	188.82	58.4	13.63	0	36.98	0	9.73	0	0	0	0	0	0	0	3.89	0	0	114.85	0	0	5.84	0	0	0	0	0	0	5.84	0	0	0	0	0.00665188470066519	False	HPV−
TBX21 E494K	0.45	0.55	0.14	2	2865.6	0.39	0.42	0	0	0.05	0	0	0	0	0	0.02	0	0.04	0	0	0.01	0	0	0.04	0	0	0	0	0	0	0	0	0	0	0.03	2.09692904343231e-06	5.72	6.99	1.78	4.96	5.34	0	0	0.64	0	0	0	0	0	0.25	0	0.51	0	0	0.13	0	0	0.51	0	0	0	0	0	0	0	0	0	0	0.38	0.00443458980044346	False	HPV−
TMCO6 C 140021368 T NCSNV	0.93	0.07	0	2	1359.63	0	0.58	0	0	0	0	0	0	0	0	0	0	0.36	0	0	0.06	0	0	0	0	0	0	0	0	0	0	0	0	0	0	1.30270610442985e-06	5.61	0.42	0	0	3.5	0	0	0	0	0	0	0	0	0	0	2.17	0	0	0.36	0	0	0	0	0	0	0	0	0	0	0	0	0	0	0.00443458980044346	True	HPV−
TNN D1091N	0.77	0.23	0	2	1634.23	0.18	0.65	0	0	0	0	0	0	0	0	0	0	0.12	0	0	0.05	0	0	0	0	0	0	0	0	0	0	0	0	0	0	4.208190402908e-06	5.58	1.67	0	1.3	4.71	0	0	0	0	0	0	0	0	0	0	0.87	0	0	0.36	0	0	0	0	0	0	0	0	0	0	0	0	0	0	0.00443458980044346	False	HPV−
PARP2 M432I	0.93	0.07	0.05	2	1311.97	0.01	0.51	0	0	0	0	0	0	0	0	0.01	0	0.42	0	0	0.01	0	0	0	0	0	0	0	0	0	0	0	0	0	0.04	7.5985271368716e-07	5.41	0.41	0.29	0.06	2.97	0	0	0	0	0	0	0	0	0.06	0	2.44	0	0	0.06	0	0	0	0	0	0	0	0	0	0	0	0	0	0.23	0.00443458980044346	True	HPV−
SPRR2B P69P	0.5	0.5	0	2	2437.25	0.48	0.4	0	0	0	0	0	0	0	0	0	0	0.11	0	0	0.01	0	0	0	0	0	0	0	0	0	0	0	0	0	0	1.94821422270393e-06	5.4	5.4	0	5.19	4.32	0	0	0	0	0	0	0	0	0	0	1.19	0	0	0.11	0	0	0	0	0	0	0	0	0	0	0	0	0	0	0.00443458980044346	False	HPV−
CDKN2A G124V	0.89	0.11	0.01	2	1316.49	0.09	0.07	0	0	0	0	0	0	0	0	0	0	0.82	0	0	0	0	0	0	0	0	0	0	0	0	0.01	0	0	0	0	8.09042843531518e-06	5.2	0.64	0.06	0.53	0.41	0	0	0	0	0	0	0	0	0	0	4.79	0	0	0	0	0	0	0	0	0	0	0	0	0.06	0	0	0	0	0.00443458980044346	False	HPV−
MGAM S703F	0.38	0.62	0.16	2	3076.81	0	0.32	0.06	0.21	0	0	0	0	0	0	0	0	0.06	0	0	0.26	0	0	0	0	0	0	0	0.02	0	0.08	0	0	0	0	1.63928272620633e-06	5.18	8.46	2.18	0	4.37	0.82	2.87	0	0	0	0	0	0	0	0	0.82	0	0	3.55	0	0	0	0	0	0	0	0.27	0	1.09	0	0	0	0	0.00443458980044346	False	HPV−
PCDHGA12 A329A	0.52	0.48	0.03	2	2231.24	0.45	0.03	0.03	0	0	0	0	0	0	0	0	0	0.49	0	0	0	0	0	0	0	0	0	0	0	0	0	0	0	0	0	3.26358636959838e-06	5.15	4.75	0.3	4.45	0.3	0.3	0	0	0	0	0	0	0	0	0	4.85	0	0	0	0	0	0	0	0	0	0	0	0	0	0	0	0	0	0.00443458980044346	False	HPV−
LTN1 F1252F	0.81	0.19	0.19	2	1425.95	0	0.52	0	0	0	0	0.08	0	0	0	0	0	0.3	0	0	0	0	0.01	0.01	0	0	0	0	0	0	0	0	0	0	0.09	1.31994617646772e-06	5.12	1.2	1.2	0	3.29	0	0	0	0	0.51	0	0	0	0	0	1.9	0	0	0	0	0.06	0.06	0	0	0	0	0	0	0	0	0	0	0.57	0.00443458980044346	True	HPV−
HHIPL2 F67F	0.42	0.58	0.11	2	2580.83	0.38	0.38	0	0.03	0	0	0	0	0	0	0	0	0.04	0	0	0.06	0	0	0.02	0	0	0	0	0	0.09	0	0	0	0	0	2.66269457252836e-06	4.81	6.64	1.26	4.35	4.35	0	0.34	0	0	0	0	0	0	0	0	0.46	0	0	0.69	0	0	0.23	0	0	0	0	0	1.03	0	0	0	0	0	0.00443458980044346	False	HPV−
MYH9 E457K	0.41	0.59	0.36	2	2608.5	0.2	0.38	0	0	0	0	0	0	0	0.34	0	0	0.03	0	0	0.03	0	0	0	0	0	0	0	0	0	0	0	0	0	0.03	2.66240083469103e-06	4.74	6.82	4.16	2.31	4.4	0	0	0	0	0	0	0	3.93	0	0	0.35	0	0	0.35	0	0	0	0	0	0	0	0	0	0	0	0	0	0.35	0.00443458980044346	False	HPV−
CDKN2A P113L	0.03	0.97	0.14	11	6307.19	0.8	0.03	0	0	0	0	0	0	0	0	0	0	0	0	0	0	0	0	0	0	0	0	0	0	0	0	0	0	0	0	8.09042843531518e-06	4.62	149.22	21.54	123.07	4.62	0	0	0	0	0	0	0	0	0	0	0	0	0	0	0	0	0	0	0	0	0	0	0	0	0	0	0	0	0.024390243902439	False	HPV−
FANCD2OS F33L	0.98	0.02	0.02	2	1063.88	0	0.11	0.01	0	0	0	0	0	0	0	0	0	0.87	0	0	0	0	0	0	0	0	0	0	0	0	0	0	0	0	0	1.5977932366919e-06	4.62	0.09	0.09	0	0.52	0.05	0	0	0	0	0	0	0	0	0	4.1	0	0	0	0	0	0	0	0	0	0	0	0	0	0	0	0	0	0.00443458980044346	True	HPV−
MRAP E28E	0.98	0.02	0.02	2	1055.39	0	0.84	0	0	0.01	0	0	0.01	0	0	0	0	0.13	0	0	0	0	0	0	0	0	0	0	0	0.01	0	0	0	0	0	3.08474457219031e-06	4.59	0.09	0.09	0	3.93	0	0	0.05	0	0	0.05	0	0	0	0	0.61	0	0	0	0	0	0	0	0	0	0	0	0.05	0	0	0	0	0	0.00443458980044346	True	HPV−
PADI3 P481P	0.15	0.85	0.52	3	4495.48	0.06	0.01	0.35	0	0.06	0	0	0	0	0	0	0	0.15	0	0	0.26	0	0.12	0	0	0	0	0	0	0	0	0	0	0	0	2.45532341035845e-06	4.49	25.42	15.55	1.79	0.3	10.47	0	1.79	0	0	0	0	0	0	0	4.49	0	0	7.77	0	3.59	0	0	0	0	0	0	0	0	0	0	0	0	0.00665188470066519	False	HPV−
ANKRD11 S769*	0.98	0.02	0	2	1021.99	0	0.09	0	0	0	0	0	0	0	0	0	0	0.89	0	0	0.02	0	0	0	0	0	0	0	0	0	0	0	0	0	0	2.22731968816779e-06	4.44	0.09	0	0	0.41	0	0	0	0	0	0	0	0	0	0	4.03	0	0	0.09	0	0	0	0	0	0	0	0	0	0	0	0	0	0	0.00443458980044346	True	HPV−
DNAH5 Q1797E	0.99	0.01	0	2	993.65	0	0.05	0	0	0	0	0	0	0	0	0	0	0.94	0	0	0.01	0	0	0	0	0	0	0	0	0	0	0	0	0	0	3.75906655532e-06	4.36	0.04	0	0	0.22	0	0	0	0	0	0	0	0	0	0	4.14	0	0	0.04	0	0	0	0	0	0	0	0	0	0	0	0	0	0	0.00443458980044346	True	HPV−
PIK3CG A156V	0.31	0.69	0.02	2	3136.18	0.44	0	0.02	0	0	0	0	0	0	0	0	0	0.3	0	0	0.23	0	0	0	0	0	0	0	0	0	0	0	0	0	0	2.92981763544141e-06	4.31	9.6	0.28	6.12	0	0.28	0	0	0	0	0	0	0	0	0	4.17	0	0	3.2	0	0	0	0	0	0	0	0	0	0	0	0	0	0	0.00443458980044346	False	HPV−
PSG8 S395F	0.42	0.58	0.54	2	2308.12	0	0.39	0	0.01	0	0.01	0.34	0	0	0	0.15	0	0.03	0.02	0	0.03	0	0	0	0.01	0	0	0	0	0	0	0	0	0	0	1.4340823027725e-06	4.3	5.94	5.53	0	3.99	0	0.1	0	0.1	3.48	0	0	0	1.54	0	0.31	0.2	0	0.31	0	0	0	0.1	0	0	0	0	0	0	0	0	0	0	0.00443458980044346	True	HPV−
NRXN3 E1218K	0.49	0.51	0.08	2	1957.51	0	0.43	0.03	0.17	0	0	0	0.05	0	0	0	0	0.07	0	0	0.25	0	0	0	0	0	0	0	0	0	0	0	0	0	0	1.7579196494086e-06	4.25	4.43	0.69	0	3.73	0.26	1.48	0	0	0	0.43	0	0	0	0	0.61	0	0	2.17	0	0	0	0	0	0	0	0	0	0	0	0	0	0	0.00443458980044346	True	HPV−
CEP68 C 65296555 T NCSNV	0.04	0.96	0.63	2	22806.56	0.09	0.04	0	0.25	0.27	0	0	0	0	0	0	0	0	0	0	0	0	0.01	0.34	0	0	0	0	0	0	0	0	0.01	0	0	6.90305038650603e-07	4.05	97.09	63.72	9.1	4.05	0	25.28	27.31	0	0	0	0	0	0	0	0	0	0	0	0	1.01	34.39	0	0	0	0	0	0	0	0	1.01	0	0	0.00443458980044346	False	HPV−
CCDC110 R111C	0.06	0.94	0.11	2	15005.26	0.83	0.01	0.01	0	0	0	0	0.06	0	0	0.03	0	0.06	0	0	0	0	0	0	0	0.01	0	0	0	0	0	0	0	0	0	6.21685169180434e-07	3.99	62.55	7.32	55.23	0.67	0.67	0	0	0	0	3.99	0	0	2	0	3.99	0	0	0	0	0	0	0	0.67	0	0	0	0	0	0	0	0	0	0.00443458980044346	False	HPV−
TP53 H179Y	0.1	0.9	0.56	2	8929.65	0.17	0.07	0.19	0	0	0.07	0	0.08	0	0	0.14	0	0.03	0	0	0.18	0.07	0	0	0	0	0	0	0	0	0	0	0	0	0	2.47783298710628e-06	3.96	35.64	22.18	6.73	2.77	7.52	0	0	2.77	0	3.17	0	0	5.54	0	1.19	0	0	7.13	2.77	0	0	0	0	0	0	0	0	0	0	0	0	0	0.00443458980044346	False	HPV−
CDKN2A G143V	0.3	0.7	0.33	3	1972.13	0.12	0.04	0	0	0	0	0	0	0	0	0	0	0.26	0	0	0.21	0	0	0	0	0	0	0	0	0	0	0	0	0	0	8.09042843531518e-06	3.94	9.18	4.33	1.57	0.52	0	0	0	0	0	0	0	0	0	0	3.41	0	0	2.75	0	0	0	0	0	0	0	0	0	0	0	0	0	0	0.00665188470066519	False	HPV−
CASP8 T 202137501 C NCSNV	0.07	0.93	0.9	2	12689.23	0.03	0	0.43	0	0	0	0.01	0.02	0	0	0	0	0.07	0	0	0	0	0	0	0	0.45	0	0	0	0	0	0	0	0	0	1.4004065447481e-06	3.94	52.33	50.64	1.69	0	24.2	0	0	0	0.56	1.13	0	0	0	0	3.94	0	0	0	0	0	0	0	25.32	0	0	0	0	0	0	0	0	0	0.00443458980044346	False	HPV−
LRRN3 L190V	0.91	0.09	0.03	2	952.58	0	0.16	0.03	0	0	0	0	0	0	0	0	0	0.75	0	0	0.05	0	0	0	0	0	0	0	0	0	0	0	0	0	0	2.52076672270341e-06	3.84	0.38	0.13	0	0.68	0.13	0	0	0	0	0	0	0	0	0	3.17	0	0	0.21	0	0	0	0	0	0	0	0	0	0	0	0	0	0	0.00443458980044346	True	HPV−
PLCG2 L1038L	0.8	0.2	0.08	2	1080.01	0.02	0.63	0	0	0	0	0.08	0	0	0	0	0	0.17	0	0	0.1	0	0	0	0	0	0	0	0	0	0	0	0	0	0	1.99458096756077e-06	3.83	0.96	0.38	0.1	3.02	0	0	0	0	0.38	0	0	0	0	0	0.81	0	0	0.48	0	0	0	0	0	0	0	0	0	0	0	0	0	0	0.00443458980044346	True	HPV−
IFT140 E664K	0.34	0.66	0.23	2	2526.81	0.43	0.24	0	0	0.02	0	0.11	0.01	0	0	0	0	0.09	0	0	0	0	0	0	0	0	0	0	0	0	0	0	0	0.03	0.06	2.59084991748612e-06	3.81	7.4	2.58	4.82	2.69	0	0	0.22	0	1.23	0.11	0	0	0	0	1.01	0	0	0	0	0	0	0	0	0	0	0	0	0	0	0	0.34	0.67	0.00443458980044346	False	HPV−
TP53 P151S	0.05	0.95	0.64	2	16553.23	0.27	0.05	0.16	0	0.35	0	0.08	0.05	0	0	0	0	0	0	0	0.04	0	0.01	0	0	0	0	0	0	0	0	0	0	0	0	2.47783298710628e-06	3.67	69.74	46.98	19.82	3.67	11.75	0	25.69	0	5.87	3.67	0	0	0	0	0	0	0	2.94	0	0.73	0	0	0	0	0	0	0	0	0	0	0	0	0.00443458980044346	False	HPV−
BTBD8 F178F	0.5	0.5	0.5	2	1610.44	0	0.44	0	0	0	0.03	0	0	0	0	0	0.11	0.05	0	0	0	0	0	0	0	0.19	0	0	0	0	0.17	0	0	0	0	1.18363403289738e-06	3.57	3.57	3.57	0	3.14	0	0	0	0.21	0	0	0	0	0	0.79	0.36	0	0	0	0	0	0	0	1.36	0	0	0	0	1.21	0	0	0	0	0.00443458980044346	True	HPV−
TP53 Y220C	0.01	0.99	0	7	22086.08	0	0	0	0	0	0	0	0	0	0	0	0	0	0	0	0.95	0	0	0	0	0	0	0	0	0	0	0	0	0	0	2.47783298710628e-06	3.43	339.37	0	0	0	0	0	0	0	0	0	0	0	0	0	0	0	0	325.66	0	0	0	0	0	0	0	0	0	0	0	0	0	0	0.0155210643015521	False	HPV−
TP53 R273H	0.01	0.99	0.44	7	22020.42	0.42	0.01	0	0	0	0	0	0	0	0	0	0	0	0	0	0.1	0	0	0	0	0	0	0	0	0	0	0	0	0	0	2.47783298710628e-06	3.42	338.36	150.38	143.55	3.42	0	0	0	0	0	0	0	0	0	0	0	0	0	34.18	0	0	0	0	0	0	0	0	0	0	0	0	0	0	0.0155210643015521	False	HPV−
PRDM9 R77Q	0.36	0.64	0.04	2	2106.74	0.6	0.31	0	0	0	0	0	0	0	0	0	0	0.04	0	0	0	0	0	0	0	0.01	0	0	0.01	0	0	0	0	0	0.02	3.62301657048325e-06	3.36	5.98	0.37	5.61	2.9	0	0	0	0	0	0	0	0	0	0	0.37	0	0	0	0	0	0	0	0.09	0	0	0.09	0	0	0	0	0	0.19	0.00443458980044346	False	HPV−
ZNF510 S321*	0.36	0.64	0.17	2	2050.7	0.05	0.36	0	0	0	0	0	0	0	0	0	0	0	0	0	0.42	0	0	0	0	0	0	0	0.17	0	0	0	0	0	0	1.20518558240267e-06	3.27	5.82	1.55	0.45	3.27	0	0	0	0	0	0	0	0	0	0	0	0	0	3.82	0	0	0	0	0	0	0	1.55	0	0	0	0	0	0	0.00443458980044346	True	HPV−
PCDHA10 A481T	0.3	0.7	0.7	2	2459.05	0	0.02	0	0	0	0.28	0	0.2	0	0	0	0.01	0.28	0	0	0	0	0	0	0	0.03	0	0	0	0	0.18	0	0	0	0	3.51973145909896e-06	3.27	7.63	7.63	0	0.22	0	0	0	3.05	0	2.18	0	0	0	0.11	3.05	0	0	0	0	0	0	0	0.33	0	0	0	0	1.96	0	0	0	0	0.00443458980044346	False	HPV−
IKZF1 Q156Q	0.89	0.11	0.03	2	816.64	0.01	0.71	0.03	0	0	0	0	0	0	0	0	0	0.18	0	0	0.07	0	0	0	0	0	0	0	0	0	0	0	0	0	0	3.79113815158538e-06	3.22	0.4	0.11	0.04	2.57	0.11	0	0	0	0	0	0	0	0	0	0.65	0	0	0.25	0	0	0	0	0	0	0	0	0	0	0	0	0	0	0.00443458980044346	True	HPV−
MCF2L R985Q	0.1	0.9	0.02	2	7188.12	0.87	0.09	0.02	0	0	0	0	0	0	0	0	0	0.01	0	0	0.01	0	0	0	0	0	0	0	0	0	0	0	0	0	0	1.21705324242044e-06	3.19	28.69	0.64	27.73	2.87	0.64	0	0	0	0	0	0	0	0	0	0.32	0	0	0.32	0	0	0	0	0	0	0	0	0	0	0	0	0	0	0.00443458980044346	False	HPV−
PGBD1 L412L	0.98	0.02	0	2	710.53	0	0.09	0	0	0	0	0	0	0	0	0	0	0.89	0	0	0.02	0	0	0	0	0	0	0	0	0	0	0	0	0	0	1.50873564388873e-06	3.09	0.06	0	0	0.28	0	0	0	0	0	0	0	0	0	0	2.8	0	0	0.06	0	0	0	0	0	0	0	0	0	0	0	0	0	0	0.00443458980044346	True	HPV−
KCNA4 E280K	0.48	0.52	0.52	2	1377.79	0	0.37	0	0	0.02	0	0.41	0	0	0	0.09	0	0.11	0	0	0	0	0	0	0	0	0	0	0	0	0	0	0	0	0	3.69581142961699e-06	2.93	3.18	3.18	0	2.26	0	0	0.12	0	2.51	0	0	0	0.55	0	0.67	0	0	0	0	0	0	0	0	0	0	0	0	0	0	0	0	0	0.00443458980044346	False	HPV−
NRXN1 R1256H	0.43	0.57	0.15	2	1498.06	0.41	0.38	0.08	0	0.04	0	0	0.03	0	0	0	0	0.05	0	0	0	0	0.01	0	0	0	0	0	0	0	0	0	0	0	0	4.1043424617415e-06	2.86	3.79	1	2.72	2.52	0.53	0	0.27	0	0	0.2	0	0	0	0	0.33	0	0	0	0	0.07	0	0	0	0	0	0	0	0	0	0	0	0	0.00443458980044346	False	HPV−
FAT1 R3400*	0.1	0.9	0.32	2	6166.03	0.4	0.1	0.01	0	0	0	0.31	0	0	0	0	0	0	0	0	0.18	0	0	0	0	0	0	0	0	0	0	0	0	0	0	1.85275973188559e-06	2.73	24.61	8.75	10.94	2.73	0.27	0	0	0	8.48	0	0	0	0	0	0	0	0	4.92	0	0	0	0	0	0	0	0	0	0	0	0	0	0	0.00443458980044346	False	HPV−
CDKN2A R163L	0.1	0.9	0.07	2	6134.34	0	0.04	0	0.71	0	0	0	0.04	0	0	0	0	0.06	0	0	0.12	0	0	0.03	0	0	0	0	0	0	0	0	0	0	0	8.09042843531518e-06	2.72	24.48	1.9	0	1.09	0	19.31	0	0	0	1.09	0	0	0	0	1.63	0	0	3.26	0	0	0.82	0	0	0	0	0	0	0	0	0	0	0	0.00443458980044346	False	HPV−
DNAH6 R442H	0.03	0.97	0.03	2	20172.95	0.91	0.03	0	0	0	0	0	0	0.03	0	0	0	0.01	0	0	0.03	0	0	0	0	0	0	0	0	0	0	0	0	0	0	3.01586832783673e-07	2.68	86.77	2.68	81.41	2.68	0	0	0	0	0	0	2.68	0	0	0	0.89	0	0	2.68	0	0	0	0	0	0	0	0	0	0	0	0	0	0	0.00443458980044346	False	HPV−
FAT1 Q1694*	0.49	0.51	0.32	2	1227.02	0.09	0.32	0	0	0	0	0.08	0.01	0	0	0.05	0	0.17	0	0	0.11	0	0	0	0	0.02	0	0	0	0	0	0	0	0	0.16	1.85275973188559e-06	2.67	2.78	1.74	0.49	1.74	0	0	0	0	0.44	0.05	0	0	0.27	0	0.93	0	0	0.6	0	0	0	0	0.11	0	0	0	0	0	0	0	0	0.87	0.00443458980044346	True	HPV−
TP53 G 7578176 T NCSNV	0.02	0.98	0.37	3	19361.21	0	0	0	0	0	0	0	0	0	0	0	0	0.01	0	0	0.51	0	0	0	0	0	0	0	0	0	0	0	0	0	0	2.47783298710628e-06	2.58	126.21	47.65	0	0	0	0	0	0	0	0	0	0	0	0	1.29	0	0	65.68	0	0	0	0	0	0	0	0	0	0	0	0	0	0	0.00665188470066519	False	HPV−
TP53 V143M	0.05	0.95	0.39	2	11556.02	0.56	0.05	0.14	0	0	0.05	0	0	0	0	0.08	0.06	0	0	0.03	0	0	0.02	0	0	0	0	0	0	0	0	0	0	0.01	0	2.47783298710628e-06	2.56	48.68	19.99	28.7	2.56	7.17	0	0	2.56	0	0	0	0	4.1	3.07	0	0	1.54	0	0	1.02	0	0	0	0	0	0	0	0	0	0	0.51	0	0.00443458980044346	False	HPV−
AJUBA Q103*	0.49	0.51	0.01	2	1119.04	0.06	0.35	0.01	0	0	0	0	0	0	0	0	0	0.14	0	0	0.45	0	0	0	0	0	0	0	0	0	0	0	0	0	0	1.49230463589105e-06	2.43	2.53	0.05	0.3	1.74	0.05	0	0	0	0	0	0	0	0	0	0.69	0	0	2.23	0	0	0	0	0	0	0	0	0	0	0	0	0	0	0.00443458980044346	True	HPV−
PAMR1 I580I	0.49	0.51	0.45	2	1107.68	0.03	0.39	0.01	0	0	0	0.42	0	0	0	0	0	0.09	0	0	0.04	0	0	0	0	0	0	0	0	0	0.01	0	0	0	0	3.0186558275665e-06	2.41	2.51	2.21	0.15	1.92	0.05	0	0	0	2.06	0	0	0	0	0	0.44	0	0	0.2	0	0	0	0	0	0	0	0	0	0.05	0	0	0	0	0.00443458980044346	False	HPV−
KMT2D R1252*	0.02	0.98	0.68	2	26891.66	0.28	0.02	0.03	0.02	0	0.38	0.03	0.04	0	0.04	0	0.03	0	0.07	0	0	0	0	0	0	0.05	0	0	0.01	0	0	0	0	0	0	3.66541385085083e-07	2.39	116.87	81.09	33.39	2.39	3.58	2.39	0	45.32	3.58	4.77	0	4.77	0	3.58	0	8.35	0	0	0	0	0	0	5.96	0	0	1.19	0	0	0	0	0	0	0.00443458980044346	False	HPV−
C6orf118 T328T	0.26	0.74	0.74	2	2062.36	0	0.26	0	0	0	0	0	0	0	0	0	0	0.01	0	0	0	0	0	0	0	0	0	0	0	0	0.14	0	0	0.23	0.36	3.86928565773776e-06	2.38	6.77	6.77	0	2.38	0	0	0	0	0	0	0	0	0	0	0.09	0	0	0	0	0	0	0	0	0	0	0	0	1.28	0	0	2.1	3.29	0.00443458980044346	False	HPV−
TP53 H193P	0.01	0.99	0.33	2	51052.06	0.05	0.01	0	0	0	0	0	0.33	0	0	0	0	0	0	0	0.61	0	0	0	0	0	0	0	0	0	0	0	0	0	0	2.47783298710628e-06	2.26	224.13	74.71	11.32	2.26	0	0	0	0	0	74.71	0	0	0	0	0	0	0	138.1	0	0	0	0	0	0	0	0	0	0	0	0	0	0	0.00443458980044346	False	HPV−
TDRD6 E1997*	0.08	0.92	0.03	2	6355.67	0.05	0.08	0.03	0.39	0	0	0	0	0	0	0	0	0	0	0	0.46	0	0	0	0	0	0	0	0	0	0	0	0	0	0	1.26881817346905e-06	2.25	25.93	0.85	1.41	2.25	0.85	10.99	0	0	0	0	0	0	0	0	0	0	0	12.97	0	0	0	0	0	0	0	0	0	0	0	0	0	0	0.00443458980044346	False	HPV−
CDH7 Q225K	0.08	0.92	0.09	2	6313.96	0.05	0.01	0.08	0.39	0	0	0	0	0	0	0	0	0.07	0	0	0.38	0	0	0.01	0	0	0	0	0	0	0	0	0	0	0	2.05048078557997e-06	2.24	25.76	2.52	1.4	0.28	2.24	10.92	0	0	0	0	0	0	0	0	1.96	0	0	10.64	0	0	0.28	0	0	0	0	0	0	0	0	0	0	0	0.00443458980044346	False	HPV−
PTOV1 L99L	0.37	0.63	0.16	2	1329.97	0.33	0.25	0	0	0	0	0.13	0	0	0	0.01	0	0.12	0	0	0.14	0	0	0	0	0	0	0	0	0	0	0	0	0	0.02	3.81719419201128e-06	2.18	3.72	0.94	1.95	1.47	0	0	0	0	0.77	0	0	0	0.06	0	0.71	0	0	0.83	0	0	0	0	0	0	0	0	0	0	0	0	0	0.12	0.00443458980044346	False	HPV−
NLRP5 E751K	0.8	0.2	0.15	2	610.25	0.04	0.69	0	0	0	0	0.13	0	0	0	0	0	0.11	0	0	0	0	0	0	0	0.01	0	0	0	0	0.01	0	0	0	0	3.2087830229177e-06	2.16	0.54	0.41	0.11	1.87	0	0	0	0	0.35	0	0	0	0	0	0.3	0	0	0	0	0	0	0	0.03	0	0	0	0	0.03	0	0	0	0	0.00443458980044346	True	HPV−
FLG A2503V	0.08	0.92	0.65	2	6047.21	0.27	0.03	0.15	0	0	0	0	0	0	0	0	0.02	0.05	0.23	0	0	0	0	0	0.25	0	0	0	0	0	0	0	0	0	0	2.27575694274041e-06	2.15	24.67	17.43	7.24	0.8	4.02	0	0	0	0	0	0	0	0	0.54	1.34	6.17	0	0	0	0	0	6.7	0	0	0	0	0	0	0	0	0	0	0.00443458980044346	False	HPV−
NCOA1 L1361L	0.86	0.14	0.13	2	559.6	0.01	0.52	0	0	0	0	0	0	0	0	0	0	0.34	0	0	0	0	0	0	0	0	0	0	0	0	0	0	0	0	0.12	1.72147976795262e-06	2.13	0.35	0.32	0.02	1.29	0	0	0	0	0	0	0	0	0	0	0.84	0	0	0	0	0	0	0	0	0	0	0	0	0	0	0	0	0.3	0.00443458980044346	True	HPV−
NXPH1 T25T	0.19	0.81	0.08	2	2480.02	0.71	0.15	0	0	0	0	0	0	0	0	0	0	0.03	0.02	0	0.02	0	0.03	0.02	0	0	0	0	0.01	0	0	0	0	0	0	2.18875239439606e-06	2.09	8.91	0.88	7.81	1.65	0	0	0	0	0	0	0	0	0	0	0.33	0.22	0	0.22	0	0.33	0.22	0	0	0	0	0.11	0	0	0	0	0	0	0.00443458980044346	False	HPV−
NCOR1 R1561Q	0.03	0.97	0.63	2	15408.42	0.31	0.03	0.02	0	0	0.33	0.12	0	0	0	0	0	0	0	0	0.03	0.03	0	0.05	0.08	0	0	0	0	0	0	0	0	0	0	6.2710280716573e-07	2.05	66.28	43.05	21.18	2.05	1.37	0	0	22.55	8.2	0	0	0	0	0	0	0	0	2.05	2.05	0	3.42	5.47	0	0	0	0	0	0	0	0	0	0	0.00443458980044346	False	HPV−
KCNK9 L122L	0.6	0.4	0.19	2	762.22	0.21	0.48	0.13	0	0	0	0	0	0	0	0	0	0.12	0	0.02	0	0	0	0	0	0	0	0	0	0	0.04	0	0	0	0	4.25063262926161e-06	2.03	1.35	0.64	0.71	1.62	0.44	0	0	0	0	0	0	0	0	0	0.41	0	0.07	0	0	0	0	0	0	0	0	0	0	0.14	0	0	0	0	0.00443458980044346	False	HPV−
ATP10B R311Q	0.11	0.89	0.79	2	4050.8	0	0.11	0.18	0.03	0.48	0	0	0	0	0	0	0	0.01	0	0	0.06	0	0	0	0	0	0	0	0	0	0	0	0	0	0.13	2.45690248608641e-06	1.98	15.99	14.19	0	1.98	3.23	0.54	8.62	0	0	0	0	0	0	0	0.18	0	0	1.08	0	0	0	0	0	0	0	0	0	0	0	0	0	2.34	0.00443458980044346	False	HPV−
MYO15A R3294W	0.12	0.88	0.77	2	3661.04	0	0.12	0	0	0	0	0.4	0	0	0	0.1	0	0	0	0	0.11	0	0.27	0	0	0	0	0	0	0	0	0	0	0	0	2.44037447271455e-06	1.95	14.29	12.5	0	1.95	0	0	0	0	6.49	0	0	0	1.62	0	0	0	0	1.79	0	4.38	0	0	0	0	0	0	0	0	0	0	0	0	0.00443458980044346	False	HPV−
FAT1 R937*	0.07	0.93	0.49	2	6166.03	0.38	0.07	0.06	0	0	0	0	0	0	0	0.13	0	0	0	0	0.05	0	0	0.08	0	0	0.01	0	0	0	0	0	0	0.22	0	1.85275973188559e-06	1.91	25.43	13.4	10.39	1.91	1.64	0	0	0	0	0	0	0	3.55	0	0	0	0	1.37	0	0	2.19	0	0	0.27	0	0	0	0	0	0	6.02	0	0.00443458980044346	False	HPV−
HRAS Q61L	0.03	0.97	0.5	2	14334.72	0.06	0.01	0.41	0.23	0.06	0	0	0	0	0	0	0	0.02	0	0	0.18	0	0.02	0.02	0	0	0	0	0	0	0	0	0	0	0	1.25827103974429e-06	1.91	61.66	31.78	3.81	0.64	26.06	14.62	3.81	0	0	0	0	0	0	0	1.27	0	0	11.44	0	1.27	1.27	0	0	0	0	0	0	0	0	0	0	0	0.00443458980044346	False	HPV−
TP53 R337C	0.02	0.98	0.24	3	14297.54	0.74	0	0	0	0.15	0	0	0.07	0	0	0	0	0.01	0	0	0	0	0	0	0	0	0	0	0	0	0	0	0	0	0	2.47783298710628e-06	1.9	93.2	22.83	70.38	0	0	0	14.27	0	0	6.66	0	0	0	0	0.95	0	0	0	0	0	0	0	0	0	0	0	0	0	0	0	0	0	0.00665188470066519	False	HPV−
TP53 H179R	0.01	0.99	0.21	4	21364.55	0.02	0	0	0	0	0	0	0	0	0	0	0	0	0	0	0.74	0	0	0	0	0	0	0	0	0	0	0	0	0	0	2.47783298710628e-06	1.89	187.59	39.79	3.79	0	0	0	0	0	0	0	0	0	0	0	0	0	0	140.22	0	0	0	0	0	0	0	0	0	0	0	0	0	0	0.00886917960088692	False	HPV−
METTL16 C 2323149 T NCSNV	0.04	0.96	0.84	2	9810.21	0.06	0.03	0	0	0	0.1	0	0	0	0	0.14	0.04	0.02	0	0	0.07	0	0	0.2	0	0.24	0	0	0	0	0.12	0	0	0	0	1.29475377020555e-06	1.74	41.76	36.54	2.61	1.31	0	0	0	4.35	0	0	0	0	6.09	1.74	0.87	0	0	3.05	0	0	8.7	0	10.44	0	0	0	0	5.22	0	0	0	0	0.00443458980044346	False	HPV−
SLC8A2 L195L	0.95	0.05	0.04	2	408.86	0	0.7	0.01	0	0	0	0	0	0	0	0	0	0.25	0	0	0	0	0	0	0	0	0	0	0.01	0	0	0	0	0	0.02	1.97641017980031e-06	1.72	0.09	0.07	0	1.27	0.02	0	0	0	0	0	0	0	0	0	0.45	0	0	0	0	0	0	0	0	0	0	0.02	0	0	0	0	0	0.04	0.00443458980044346	True	HPV−
IFFO1 L292L	0.96	0.04	0.01	2	402.77	0.02	0.72	0.01	0	0	0	0	0	0	0	0	0	0.25	0	0	0.01	0	0	0	0	0	0	0	0	0	0	0	0	0	0	2.20807501409465e-06	1.71	0.07	0.02	0.04	1.29	0.02	0	0	0	0	0	0	0	0	0	0.45	0	0	0.02	0	0	0	0	0	0	0	0	0	0	0	0	0	0	0.00443458980044346	True	HPV−
TP53 Q331Q	0.04	0.96	0.38	2	8953.05	0.24	0.03	0.05	0	0	0	0	0	0	0	0.22	0	0.01	0	0	0.34	0	0.01	0	0	0	0	0	0	0.09	0	0	0	0	0	2.47783298710628e-06	1.59	38.11	15.09	9.53	1.19	1.99	0	0	0	0	0	0	0	8.73	0	0.4	0	0	13.5	0	0.4	0	0	0	0	0	0	3.57	0	0	0	0	0	0.00443458980044346	False	HPV−
CNKSR1 L350L	0.32	0.68	0.25	2	1109.78	0.31	0.21	0	0	0.25	0	0	0	0	0	0	0	0.11	0	0	0.12	0	0.01	0	0	0	0	0	0	0	0	0	0	0	0	3.14363488175379e-06	1.57	3.35	1.23	1.53	1.03	0	0	1.23	0	0	0	0	0	0	0	0.54	0	0	0.59	0	0.05	0	0	0	0	0	0	0	0	0	0	0	0	0.00443458980044346	False	HPV−
PKHD1L1 R1654Q	0.11	0.89	0.77	2	3115.29	0.12	0.09	0	0	0	0.11	0	0	0	0.27	0	0.01	0.02	0	0	0	0	0	0	0	0.27	0	0	0	0	0.11	0	0	0	0	2.45565313499221e-06	1.52	12.3	10.64	1.66	1.24	0	0	0	1.52	0	0	0	3.73	0	0.14	0.28	0	0	0	0	0	0	0	3.73	0	0	0	0	1.52	0	0	0	0	0.00443458980044346	False	HPV−
HRAS G12D	0.04	0.96	0.55	2	8516.51	0.41	0.02	0	0	0	0	0	0.01	0	0	0.24	0	0.02	0	0	0	0	0	0	0	0.28	0	0	0	0	0	0	0	0.01	0	1.25827103974429e-06	1.51	36.26	20.77	15.48	0.76	0	0	0	0	0	0.38	0	0	9.06	0	0.76	0	0	0	0	0	0	0	10.57	0	0	0	0	0	0	0	0.38	0	0.00443458980044346	False	HPV−
FCRL3 V288V	0.89	0.11	0.06	2	373.96	0.01	0.82	0	0	0.02	0	0	0	0	0	0	0.02	0.07	0	0	0.04	0	0	0	0	0	0	0	0	0.01	0	0	0	0	0	2.91590903974835e-06	1.48	0.18	0.1	0.02	1.36	0	0	0.03	0	0	0	0	0	0	0.03	0.12	0	0	0.07	0	0	0	0	0	0	0	0	0.02	0	0	0	0	0	0.00443458980044346	True	HPV−
DENND5B G1023E	0.05	0.95	0.59	2	6588.24	0.24	0.04	0	0	0	0	0	0.03	0	0	0.37	0	0.01	0.11	0	0.11	0	0.01	0	0.08	0	0	0	0	0	0	0	0	0	0	1.61687710144688e-06	1.46	27.76	17.24	7.01	1.17	0	0	0	0	0	0.88	0	0	10.81	0	0.29	3.21	0	3.21	0	0.29	0	2.34	0	0	0	0	0	0	0	0	0	0	0.00443458980044346	False	HPV−
TP53 Y234C	0.02	0.98	0.17	2	16046.88	0.36	0	0.1	0	0	0	0	0	0	0	0	0	0.02	0.07	0	0.44	0	0	0	0	0	0	0	0	0	0	0	0	0	0	2.47783298710628e-06	1.42	69.74	12.1	25.62	0	7.12	0	0	0	0	0	0	0	0	0	1.42	4.98	0	31.31	0	0	0	0	0	0	0	0	0	0	0	0	0	0	0.00443458980044346	False	HPV−
PIK3CA Q546R	0.01	0.99	0.29	2	31895.45	0.24	0.01	0.16	0	0.06	0	0	0	0	0	0	0	0	0	0	0.45	0	0.01	0	0	0	0	0	0	0	0	0	0	0.06	0	5.81840682234249e-07	1.41	140.03	41.02	33.95	1.41	22.63	0	8.49	0	0	0	0	0	0	0	0	0	0	63.65	0	1.41	0	0	0	0	0	0	0	0	0	0	8.49	0	0.00443458980044346	False	HPV−
LRRC4C E637Q	0.48	0.52	0.16	2	651.21	0.02	0.05	0	0	0.02	0	0	0	0	0	0	0	0.43	0	0	0.34	0	0.01	0	0	0	0	0	0	0.14	0	0	0	0	0	3.84927752678764e-06	1.39	1.5	0.46	0.06	0.14	0	0	0.06	0	0	0	0	0	0	0	1.24	0	0	0.98	0	0.03	0	0	0	0	0	0	0.4	0	0	0	0	0	0.00443458980044346	True	HPV−
GPR158 L9L	0.26	0.74	0.39	2	1194.34	0	0.22	0.1	0.1	0	0	0	0.04	0	0	0	0	0.04	0	0	0.25	0	0	0.21	0	0	0	0	0	0.04	0	0	0	0	0	2.13499634925579e-06	1.38	3.92	2.07	0	1.17	0.53	0.53	0	0	0	0.21	0	0	0	0	0.21	0	0	1.32	0	0	1.11	0	0	0	0	0	0.21	0	0	0	0	0	0.00443458980044346	False	HPV−
HIST1H3C K37M	0.01	0.99	0.47	4	15434.69	0.06	0.01	0	0	0	0	0	0	0	0	0	0	0	0	0	0.46	0	0	0	0	0	0	0	0	0	0	0	0	0	0	2.71844189843323e-06	1.37	135.52	64.34	8.21	1.37	0	0	0	0	0	0	0	0	0	0	0	0	0	62.97	0	0	0	0	0	0	0	0	0	0	0	0	0	0	0.00886917960088692	False	HPV−
FCAR V233M	0.11	0.89	0.27	2	2704.44	0.46	0.1	0	0	0	0	0	0.16	0	0	0.11	0	0.01	0	0	0.16	0	0	0	0	0	0	0	0	0	0	0	0	0	0	2.21054203386676e-06	1.32	10.67	3.24	5.52	1.2	0	0	0	0	0	1.92	0	0	1.32	0	0.12	0	0	1.92	0	0	0	0	0	0	0	0	0	0	0	0	0	0	0.00443458980044346	False	HPV−
CDKN2A L165L	0.2	0.8	0.24	4	720.33	0	0.13	0	0	0	0	0	0.08	0	0	0	0	0.07	0	0	0.35	0	0	0	0	0	0	0	0	0	0	0	0	0	0	8.09042843531518e-06	1.28	5.11	1.53	0	0.83	0	0	0	0	0	0.51	0	0	0	0	0.45	0	0	2.24	0	0	0	0	0	0	0	0	0	0	0	0	0	0	0.00886917960088692	False	HPV−
CSMD3 R3127Q	0.17	0.83	0.73	2	1599.8	0	0	0.29	0.06	0.23	0	0	0	0	0	0	0	0.17	0	0	0.04	0	0.11	0	0	0	0	0	0.09	0	0	0	0	0	0	5.32864900679864e-06	1.21	5.89	5.18	0	0	2.06	0.43	1.63	0	0	0	0	0	0	0	1.21	0	0	0.28	0	0.78	0	0	0	0	0	0.64	0	0	0	0	0	0	0.00443458980044346	False	HPV−
DPP10 T 116257182 A NCSNV	0.01	0.99	0.62	2	27169.49	0.01	0	0.08	0.15	0.36	0	0	0.11	0	0	0	0	0.01	0	0	0.21	0	0.03	0	0	0	0	0	0	0	0	0	0	0	0.05	2.1012951962867e-06	1.2	119.28	74.7	1.2	0	9.64	18.07	43.37	0	0	13.25	0	0	0	0	1.2	0	0	25.3	0	3.61	0	0	0	0	0	0	0	0	0	0	0	6.02	0.00443458980044346	False	HPV−
TP53 C238F	0.02	0.98	0.48	2	13525.81	0.15	0.01	0.21	0.25	0	0	0	0.15	0.08	0	0	0	0.01	0	0	0.1	0.02	0	0	0	0	0	0	0	0	0.02	0	0	0	0	2.47783298710628e-06	1.2	58.78	28.79	9	0.6	12.6	15	0	0	0	9	4.8	0	0	0	0.6	0	0	6	1.2	0	0	0	0	0	0	0	0	1.2	0	0	0	0	0.00443458980044346	False	HPV−
FBXW7 R543G	0.02	0.98	0.26	2	12920.88	0.3	0.02	0	0	0.25	0	0	0	0	0	0	0	0	0	0	0.42	0	0.01	0	0	0	0	0	0	0	0	0	0	0	0	1.81534813083364e-06	1.15	56.15	14.9	17.19	1.15	0	0	14.32	0	0	0	0	0	0	0	0	0	0	24.07	0	0.57	0	0	0	0	0	0	0	0	0	0	0	0	0.00443458980044346	False	HPV−
MFSD10 R138Q	0.03	0.97	0.09	2	8592.54	0.87	0.03	0.01	0	0.03	0	0	0	0	0	0	0	0	0	0	0	0	0.05	0	0	0	0	0	0	0	0	0	0	0	0	9.90548241984817e-07	1.14	36.96	3.43	33.15	1.14	0.38	0	1.14	0	0	0	0	0	0	0	0	0	0	0	0	1.91	0	0	0	0	0	0	0	0	0	0	0	0	0.00443458980044346	False	HPV−
CORO2B A156T	0.05	0.95	0.13	2	5065.8	0.82	0	0	0	0	0	0	0	0	0	0	0	0.05	0	0	0	0	0	0.06	0	0	0	0	0	0	0.07	0	0	0	0	1.73339375191647e-06	1.12	21.34	2.92	18.42	0	0	0	0	0	0	0	0	0	0	0	1.12	0	0	0	0	0	1.35	0	0	0	0	0	0	1.57	0	0	0	0	0.00443458980044346	False	HPV−
KIAA0100 V1227V	0.42	0.58	0.27	2	597.38	0.06	0	0.01	0.05	0	0	0	0.02	0	0	0	0	0.42	0	0	0.2	0	0	0	0	0	0	0	0	0.03	0	0	0	0	0.2	1.72103337141003e-06	1.11	1.54	0.72	0.16	0	0.03	0.13	0	0	0	0.05	0	0	0	0	1.11	0	0	0.53	0	0	0	0	0	0	0	0	0.08	0	0	0	0	0.53	0.00443458980044346	True	HPV−
DUOXA1 R332C	0.07	0.93	0.69	2	3459.4	0.23	0.07	0	0	0.03	0	0.64	0	0	0	0.01	0	0.01	0	0	0	0	0.01	0	0	0	0	0	0	0	0	0	0	0	0	1.90340641786532e-06	1.07	14.27	10.59	3.53	1.07	0	0	0.46	0	9.82	0	0	0	0.15	0	0.15	0	0	0	0	0.15	0	0	0	0	0	0	0	0	0	0	0	0	0.00443458980044346	False	HPV−
HLA-B R7*	0.03	0.97	0.25	2	7590.65	0.72	0.03	0.02	0	0.11	0	0.04	0	0	0.02	0	0.01	0	0	0	0	0	0.01	0	0	0.04	0	0	0	0	0	0	0	0	0	1.18829512573173e-06	1.01	32.65	8.42	24.24	1.01	0.67	0	3.7	0	1.35	0	0	0.67	0	0.34	0	0	0	0	0	0.34	0	0	1.35	0	0	0	0	0	0	0	0	0	0.00443458980044346	False	HPV−
HLA-A R7*	0.06	0.94	0.01	2	3734.28	0.9	0.06	0.01	0	0	0	0	0	0	0	0	0	0	0	0	0.03	0	0	0	0	0	0	0	0	0	0	0	0	0	0	2.47084790897817e-06	0.99	15.57	0.17	14.9	0.99	0.17	0	0	0	0	0	0	0	0	0	0	0	0	0.5	0	0	0	0	0	0	0	0	0	0	0	0	0	0	0.00443458980044346	False	HPV−
SMARCA4 P913L	0.04	0.96	0.1	2	5277.84	0.86	0.04	0.02	0	0	0	0	0	0	0	0	0.01	0	0	0.03	0	0	0.04	0	0	0	0	0	0	0	0	0	0	0	0	1.74252231649321e-06	0.94	22.47	2.34	20.13	0.94	0.47	0	0	0	0	0	0	0	0	0.23	0	0	0.7	0	0	0.94	0	0	0	0	0	0	0	0	0	0	0	0	0.00443458980044346	False	HPV−
CDKN2A G 21971208 A NCSNV	0.35	0.65	0.52	2	599.92	0.05	0.28	0.03	0.01	0.17	0	0	0	0.01	0	0	0	0.07	0	0	0.07	0.03	0	0	0	0	0	0	0	0	0.03	0	0	0	0.25	8.09042843531518e-06	0.93	1.73	1.38	0.13	0.74	0.08	0.03	0.45	0	0	0	0.03	0	0	0	0.19	0	0	0.19	0.08	0	0	0	0	0	0	0	0	0.08	0	0	0	0.67	0.00443458980044346	False	HPV−
AKAP9 Q3406K	0.02	0.98	0.74	2	10132.97	0.13	0.01	0.65	0	0.06	0	0	0	0	0.01	0	0	0.01	0	0	0.11	0	0	0	0	0	0	0	0	0	0.02	0	0	0	0	1.4353657757895e-06	0.9	44.04	33.25	5.84	0.45	29.21	0	2.7	0	0	0	0	0.45	0	0	0.45	0	0	4.94	0	0	0	0	0	0	0	0	0	0.9	0	0	0	0	0.00443458980044346	False	HPV−
EPHB3 R420H	0.03	0.97	0.11	2	6666.64	0.82	0	0	0	0	0	0	0	0	0	0	0	0.03	0	0	0.04	0	0	0.11	0	0	0	0	0	0	0	0	0	0	0	1.26975872797958e-06	0.89	28.68	3.25	24.24	0	0	0	0	0	0	0	0	0	0	0	0.89	0	0	1.18	0	0	3.25	0	0	0	0	0	0	0	0	0	0	0	0.00443458980044346	False	HPV−
CTNNA2 A67T	0.08	0.92	0.43	2	2445.99	0.41	0.02	0.12	0	0	0	0	0.04	0	0	0	0	0.06	0	0	0.08	0	0.01	0	0	0	0	0	0	0	0	0	0	0	0.26	5.55809445540713e-06	0.87	9.98	4.66	4.45	0.22	1.3	0	0	0	0	0.43	0	0	0	0	0.65	0	0	0.87	0	0.11	0	0	0	0	0	0	0	0	0	0	0	2.82	0.00443458980044346	False	HPV−
CDKN2A G166R	0.03	0.97	0.73	5	2584	0	0.02	0	0	0	0	0	0	0	0	0	0	0.01	0	0	0.06	0	0	0	0	0	0	0	0	0	0	0	0	0	0	8.09042843531518e-06	0.86	27.79	20.91	0	0.57	0	0	0	0	0	0	0	0	0	0	0.29	0	0	1.72	0	0	0	0	0	0	0	0	0	0	0	0	0	0	0.0110864745011086	False	HPV−
PPP4R4 T89M	0.02	0.98	0.04	2	9619.7	0.94	0.01	0	0	0	0	0	0	0	0	0	0	0	0	0	0	0	0	0	0	0.02	0	0	0	0	0	0	0	0.02	0	6.47957005819543e-07	0.85	41.81	1.71	40.1	0.43	0	0	0	0	0	0	0	0	0	0	0	0	0	0	0	0	0	0	0.85	0	0	0	0	0	0	0	0.85	0	0.00443458980044346	False	HPV−
TP53 R280G	0.01	0.99	0.85	2	18585.81	0.14	0.01	0.38	0	0	0	0	0	0	0	0	0	0	0	0.06	0	0	0	0	0	0	0	0	0	0	0.41	0	0	0	0	2.47783298710628e-06	0.82	81.6	70.06	11.54	0.82	31.32	0	0	0	0	0	0	0	0	0	0	0	4.95	0	0	0	0	0	0	0	0	0	0	33.79	0	0	0	0	0.00443458980044346	False	HPV−
REG1A C 79364340 T NCSNV	0.06	0.94	0.88	2	3016.11	0.03	0	0	0	0	0	0.75	0.01	0	0	0.12	0	0.06	0	0	0.04	0	0	0	0	0	0	0	0	0	0	0	0	0	0	1.71114978618986e-06	0.8	12.57	11.77	0.4	0	0	0	0	0	10.03	0.13	0	0	1.61	0	0.8	0	0	0.54	0	0	0	0	0	0	0	0	0	0	0	0	0	0	0.00443458980044346	False	HPV−
MAGEB3 V75A	0.01	0.99	0.64	2	18096.7	0	0	0.08	0.18	0	0	0	0.15	0	0	0	0	0.01	0	0	0.17	0	0	0	0	0	0	0	0.01	0	0.34	0	0	0.06	0	8.70151879963453e-07	0.8	79.45	51.36	0	0	6.42	14.45	0	0	0	12.04	0	0	0	0	0.8	0	0	13.64	0	0	0	0	0	0	0	0.8	0	27.29	0	0	4.82	0	0.00443458980044346	False	HPV−
ASXL1 R693*	0.03	0.97	0.04	2	5921.29	0.9	0	0	0	0	0	0	0.01	0	0	0	0	0.02	0	0	0.02	0	0	0	0	0	0	0	0	0	0.03	0	0	0	0	1.53251100730345e-06	0.79	25.47	1.05	23.63	0	0	0	0	0	0	0.26	0	0	0	0	0.53	0	0	0.53	0	0	0	0	0	0	0	0	0	0.79	0	0	0	0	0.00443458980044346	False	HPV−
MTTP G749G	0.04	0.96	0.22	2	4175.35	0.73	0	0.01	0	0.12	0	0	0	0	0	0.03	0	0.03	0	0	0.01	0	0	0.07	0	0	0	0	0	0	0	0	0	0	0	1.88348553817002e-06	0.74	17.78	4.07	13.52	0	0.19	0	2.22	0	0	0	0	0	0.56	0	0.56	0	0	0.19	0	0	1.3	0	0	0	0	0	0	0	0	0	0	0	0.00443458980044346	False	HPV−
C12orf60 T120T	0.05	0.95	0.16	2	3282.88	0.79	0	0	0	0	0	0	0	0	0.16	0	0	0.05	0	0	0	0	0	0	0	0	0	0	0	0	0	0	0	0	0	2.46770445525035e-06	0.73	13.83	2.33	11.5	0	0	0	0	0	0	0	0	2.33	0	0	0.73	0	0	0	0	0	0	0	0	0	0	0	0	0	0	0	0	0	0.00443458980044346	False	HPV−
CASP8 R127*	0.02	0.98	0.09	2	7788.88	0.88	0.02	0	0	0.03	0	0	0	0	0	0	0	0	0	0	0.01	0	0	0.06	0	0	0	0	0	0	0	0	0	0	0	1.4004065447481e-06	0.69	33.85	3.11	30.4	0.69	0	0	1.04	0	0	0	0	0	0	0	0	0	0	0.35	0	0	2.07	0	0	0	0	0	0	0	0	0	0	0	0.00443458980044346	False	HPV−
PDE3A L275L	0.67	0.33	0	2	214.5	0.01	0.34	0	0	0	0	0	0	0	0	0	0	0.33	0	0	0.32	0	0	0	0	0	0	0	0	0	0	0	0	0	0	4.5314967421984e-06	0.64	0.31	0	0.01	0.32	0	0	0	0	0	0	0	0	0	0	0.31	0	0	0.3	0	0	0	0	0	0	0	0	0	0	0	0	0	0	0.00443458980044346	True	HPV−
SALL1 P1109P	0.12	0.88	0.03	2	1157.05	0.46	0.1	0	0	0.01	0	0	0	0	0	0	0	0.02	0	0	0.38	0	0.02	0	0	0	0	0	0	0	0	0	0	0	0	4.74962247360557e-06	0.62	4.52	0.15	2.36	0.51	0	0	0.05	0	0	0	0	0	0	0	0.1	0	0	1.95	0	0.1	0	0	0	0	0	0	0	0	0	0	0	0	0.00443458980044346	False	HPV−
OR8I2 A67S	0.01	0.99	0.14	2	12273.62	0.08	0	0.03	0.36	0.1	0	0	0	0	0	0	0.01	0.01	0	0	0.41	0	0	0	0	0	0	0	0	0	0	0	0	0	0	1.66286663089117e-06	0.54	53.88	7.62	4.35	0	1.63	19.59	5.44	0	0	0	0	0	0	0.54	0.54	0	0	22.32	0	0	0	0	0	0	0	0	0	0	0	0	0	0	0.00443458980044346	False	HPV−
FXYD5 R145W	0.02	0.98	0.05	2	6087.25	0.88	0.02	0.01	0	0	0	0	0	0	0	0.02	0	0	0	0	0.05	0	0	0	0	0	0	0	0	0	0.03	0	0	0	0	1.04530638024855e-06	0.54	26.45	1.35	23.76	0.54	0.27	0	0	0	0	0	0	0	0.54	0	0	0	0	1.35	0	0	0	0	0	0	0	0	0	0.81	0	0	0	0	0.00443458980044346	False	HPV−
KDM6A R526*	0.01	0.99	0.3	2	11444.14	0.2	0.01	0.02	0	0	0.27	0	0	0	0	0	0	0	0	0	0.5	0.01	0	0	0	0	0	0	0	0	0	0	0	0	0	5.22512992419855e-07	0.51	50.24	15.23	10.15	0.51	1.02	0	0	13.7	0	0	0	0	0	0	0	0	0	25.38	0.51	0	0	0	0	0	0	0	0	0	0	0	0	0	0.00443458980044346	False	HPV−
IZUMO4 T11T	0.05	0.95	0.5	2	2299.72	0.05	0	0	0	0	0	0	0	0	0	0.5	0	0.05	0	0	0.4	0	0	0	0	0	0	0	0	0	0	0	0	0	0	2.9927990830585e-06	0.51	9.69	5.1	0.51	0	0	0	0	0	0	0	0	0	5.1	0	0.51	0	0	4.08	0	0	0	0	0	0	0	0	0	0	0	0	0	0	0.00443458980044346	False	HPV−
HTR1A L166L	0.79	0.21	0.01	2	135.98	0.08	0.64	0	0	0	0	0	0	0	0	0	0	0.15	0	0	0.12	0	0	0	0	0	0	0	0	0	0	0	0	0.01	0	7.12327952519424e-06	0.48	0.13	0.01	0.05	0.39	0	0	0	0	0	0	0	0	0	0	0.09	0	0	0.07	0	0	0	0	0	0	0	0	0	0	0	0	0.01	0	0.00443458980044346	True	HPV−
VPS39 P578P	0.03	0.97	0.41	2	3575.56	0.55	0.03	0.02	0	0	0.32	0	0	0	0.02	0.03	0	0	0	0	0.01	0.02	0	0	0	0	0	0	0	0	0	0	0	0	0	2.13429402573487e-06	0.48	15.38	6.5	8.72	0.48	0.32	0	0	5.07	0	0	0	0.32	0.48	0	0	0	0	0.16	0.32	0	0	0	0	0	0	0	0	0	0	0	0	0	0.00443458980044346	False	HPV−
RPA1 R31H	0.05	0.95	0.39	2	2034.31	0.49	0.04	0.04	0.03	0	0	0	0.14	0	0	0	0	0.01	0	0	0.05	0	0.07	0	0	0	0	0	0	0	0	0	0	0	0.14	2.97759631931299e-06	0.45	8.57	3.52	4.42	0.36	0.36	0.27	0	0	0	1.26	0	0	0	0	0.09	0	0	0.45	0	0.63	0	0	0	0	0	0	0	0	0	0	0	1.26	0.00443458980044346	False	HPV−
PHLDB2 V1139V	0.04	0.96	0.14	2	2466.89	0.33	0.02	0.14	0	0	0	0	0	0	0	0	0	0.02	0	0	0.49	0	0	0	0	0	0	0	0	0	0	0	0	0	0	1.99431546903627e-06	0.44	10.5	1.53	3.61	0.22	1.53	0	0	0	0	0	0	0	0	0	0.22	0	0	5.36	0	0	0	0	0	0	0	0	0	0	0	0	0	0	0.00443458980044346	False	HPV−
KIR3DL1 V405I	0.01	0.99	0.16	3	6434.5	0.83	0.01	0	0	0	0	0	0	0	0	0	0	0	0	0	0	0	0	0	0	0	0	0	0	0	0	0	0	0	0	1.47172155943439e-06	0.43	42.37	6.85	35.53	0.43	0	0	0	0	0	0	0	0	0	0	0	0	0	0	0	0	0	0	0	0	0	0	0	0	0	0	0	0	0.00665188470066519	False	HPV−
C9 D312N	0.02	0.98	0.61	2	4730.89	0.36	0	0	0	0	0	0.48	0	0	0	0.01	0.01	0.02	0	0	0.01	0	0.04	0.01	0	0	0	0	0	0	0	0	0	0	0.06	1.53103117283393e-06	0.42	20.56	12.8	7.55	0	0	0	0	0	10.07	0	0	0	0.21	0.21	0.42	0	0	0.21	0	0.84	0.21	0	0	0	0	0	0	0	0	0	0	1.26	0.00443458980044346	False	HPV−
GRM8 G50D	0.02	0.98	0.41	2	4650.66	0.13	0.02	0	0.05	0	0.19	0	0	0	0	0	0	0	0.1	0	0.4	0	0	0	0.11	0	0	0	0	0	0	0	0	0	0	3.51763627283929e-06	0.41	20.21	8.46	2.68	0.41	0	1.03	0	3.92	0	0	0	0	0	0	0	2.06	0	8.25	0	0	0	2.27	0	0	0	0	0	0	0	0	0	0	0.00443458980044346	False	HPV−
COL22A1 P1601L	0.03	0.97	0	2	2976.4	0.26	0.03	0	0	0	0	0	0	0	0	0	0	0.01	0	0	0.7	0	0	0	0	0	0	0	0	0	0	0	0	0	0	3.56043498037918e-06	0.4	12.8	0	3.43	0.4	0	0	0	0	0	0	0	0	0	0	0.13	0	0	9.24	0	0	0	0	0	0	0	0	0	0	0	0	0	0	0.00443458980044346	False	HPV−
TENM1 R366M	0.01	0.99	0.3	2	8798.68	0	0	0.13	0.68	0.07	0	0	0	0	0	0	0.01	0.01	0	0	0	0	0	0	0	0	0	0	0.05	0	0.04	0	0	0	0	1.77446640026838e-06	0.39	38.63	11.71	0	0	5.07	26.53	2.73	0	0	0	0	0	0	0.39	0.39	0	0	0	0	0	0	0	0	0	0	1.95	0	1.56	0	0	0	0	0.00443458980044346	False	HPV−
GFRA3 A208A	0.04	0.96	0.16	2	2118.59	0.79	0.04	0	0	0	0	0	0	0	0	0	0	0	0	0	0.01	0	0	0	0	0.04	0	0	0	0	0	0	0	0.02	0.1	3.28539584402682e-06	0.38	9.02	1.5	7.42	0.38	0	0	0	0	0	0	0	0	0	0	0	0	0	0.09	0	0	0	0	0.38	0	0	0	0	0	0	0	0.19	0.94	0.00443458980044346	False	HPV−
CDH9 T737M	0.04	0.96	0.08	2	2081.67	0.88	0.04	0.02	0	0	0	0	0.01	0	0	0.01	0	0	0	0	0	0	0	0	0	0.03	0	0	0	0	0	0	0	0	0.02	3.12617497330922e-06	0.37	8.86	0.74	8.12	0.37	0.18	0	0	0	0	0.09	0	0	0.09	0	0	0	0	0	0	0	0	0	0.28	0	0	0	0	0	0	0	0	0.18	0.00443458980044346	False	HPV−
MYH13 K1852N	0.03	0.97	0.32	2	2615.86	0.15	0.01	0	0.16	0.04	0	0	0.13	0	0	0	0	0.02	0	0	0.34	0	0.15	0	0	0	0	0	0	0	0	0	0	0	0	4.04562824218483e-06	0.35	11.25	3.71	1.74	0.12	0	1.86	0.46	0	0	1.51	0	0	0	0	0.23	0	0	3.94	0	1.74	0	0	0	0	0	0	0	0	0	0	0	0	0.00443458980044346	False	HPV−
SLC5A7 G336C	0.01	0.99	0.44	2	7514.48	0.15	0	0.37	0.29	0	0.05	0	0	0	0.01	0	0	0.01	0	0	0.11	0	0	0	0	0	0	0	0	0	0	0	0	0	0	1.62969252053857e-06	0.33	32.99	14.66	5	0	12.33	9.66	0	1.67	0	0	0	0.33	0	0	0.33	0	0	3.67	0	0	0	0	0	0	0	0	0	0	0	0	0	0	0.00443458980044346	False	HPV−
KSR2 T584M	0.03	0.97	0.42	2	2198.81	0.45	0.02	0.02	0	0	0	0	0	0	0	0	0	0.01	0	0.12	0.1	0	0.05	0.23	0	0	0	0	0	0	0	0	0	0	0	2.68943238172649e-06	0.29	9.46	4.1	4.39	0.2	0.2	0	0	0	0	0	0	0	0	0	0.1	0	1.17	0.98	0	0.49	2.24	0	0	0	0	0	0	0	0	0	0	0	0.00443458980044346	False	HPV−
CDKN2A G 21970900 T NCSNV	0.04	0.96	0.61	2	1525.11	0.06	0	0.3	0.26	0	0	0	0	0	0	0	0	0.03	0	0	0.04	0	0	0	0	0.01	0	0	0	0.07	0	0	0	0.22	0	8.09042843531518e-06	0.27	6.49	4.13	0.41	0	2.03	1.76	0	0	0	0	0	0	0	0	0.2	0	0	0.27	0	0	0	0	0.07	0	0	0	0.47	0	0	0	1.49	0	0.00443458980044346	False	HPV−
SLC34A1 R507H	0.01	0.99	0.63	2	6132.77	0.37	0	0	0	0	0	0	0	0	0	0	0.01	0.01	0.47	0	0	0	0	0.06	0.03	0	0	0	0	0	0.07	0	0	0	0	1.39210244076534e-06	0.27	26.92	17.13	10.06	0	0	0	0	0	0	0	0	0	0	0.27	0.27	12.78	0	0	0	0	1.63	0.82	0	0	0	0	0	1.9	0	0	0	0	0.00443458980044346	False	HPV−
NOTCH1 A465T	0.01	0.99	0.1	2	5612.77	0.87	0	0	0	0	0.07	0	0	0	0	0.01	0	0.01	0	0	0.01	0	0	0	0	0	0	0	0	0	0	0	0	0.02	0	1.62272399290789e-06	0.25	24.64	2.49	21.65	0	0	0	0	1.74	0	0	0	0	0.25	0	0.25	0	0	0.25	0	0	0	0	0	0	0	0	0	0	0	0	0.5	0	0.00443458980044346	False	HPV−
MAP3K7 Y300C	0.01	0.99	0.28	2	5403.4	0.02	0	0	0.04	0.17	0	0	0.09	0	0	0	0	0	0	0	0.66	0	0.01	0	0	0	0	0	0	0	0	0	0	0	0	1.09602068730605e-06	0.24	23.72	6.71	0.48	0	0	0.96	4.07	0	0	2.16	0	0	0	0	0	0	0	15.81	0	0.24	0	0	0	0	0	0	0	0	0	0	0	0	0.00443458980044346	False	HPV−
FBXL13 R308W	0.01	0.99	0.43	2	5429.86	0.47	0.01	0	0.02	0.41	0	0	0	0	0	0	0	0	0	0	0.07	0	0	0	0	0	0	0	0	0	0.02	0	0	0	0	1.15462377942812e-06	0.24	23.84	10.35	11.32	0.24	0	0.48	9.87	0	0	0	0	0	0	0	0	0	0	1.69	0	0	0	0	0	0	0	0	0	0.48	0	0	0	0	0.00443458980044346	False	HPV−
OBP2A T107M	0.01	0.99	0.05	2	5238.58	0.91	0.01	0	0	0	0	0	0.01	0	0	0	0	0	0	0	0.02	0	0	0	0	0.03	0	0	0	0	0.01	0	0	0	0	1.05986405799555e-06	0.23	23	1.16	21.14	0.23	0	0	0	0	0	0.23	0	0	0	0	0	0	0	0.46	0	0	0	0	0.7	0	0	0	0	0.23	0	0	0	0	0.00443458980044346	False	HPV−
TNIK R949H	0.01	0.99	0.34	2	5063.25	0.46	0	0.01	0.15	0	0	0	0.16	0	0	0	0	0.01	0	0	0.03	0	0	0	0	0	0	0	0	0.15	0	0.01	0	0	0	1.88527768753717e-06	0.22	22.23	7.63	10.33	0	0.22	3.37	0	0	0	3.59	0	0	0	0	0.22	0	0	0.67	0	0	0	0	0	0	0	0	3.37	0	0.22	0	0	0	0.00443458980044346	False	HPV−
SYT6 R249H	0.02	0.98	0	2	2120.18	0.93	0.01	0	0	0	0	0	0	0	0	0	0	0	0	0	0.05	0	0	0	0	0	0	0	0	0	0	0	0	0	0	2.83392388330415e-06	0.19	9.21	0	8.74	0.09	0	0	0	0	0	0	0	0	0	0	0	0	0	0.47	0	0	0	0	0	0	0	0	0	0	0	0	0	0	0.00443458980044346	False	HPV−
CDKN2A G 21971000 T NCSNV	0.01	0.99	0.68	3	2776.22	0.18	0	0	0	0	0	0	0	0	0	0	0	0.01	0	0	0.12	0	0	0	0	0	0	0	0	0	0	0	0	0.33	0	8.09042843531518e-06	0.18	18.28	12.56	3.32	0	0	0	0	0	0	0	0	0	0	0	0.18	0	0	2.22	0	0	0	0	0	0	0	0	0	0	0	0	6.09	0	0.00665188470066519	False	HPV−
ADAMTS18 H78H	0.01	0.99	0.05	3	2700.79	0.92	0.01	0	0	0	0	0	0	0	0	0	0	0	0	0	0.01	0	0	0	0	0	0	0	0	0	0	0	0	0	0	3.2496797884088e-06	0.18	17.79	0.9	16.53	0.18	0	0	0	0	0	0	0	0	0	0	0	0	0	0.18	0	0	0	0	0	0	0	0	0	0	0	0	0	0	0.00665188470066519	False	HPV−
THSD7A C728F	0.01	0.99	0.45	2	3711.6	0.15	0	0.34	0.38	0.09	0	0	0	0	0	0	0.01	0	0	0.02	0	0	0	0	0	0	0	0	0	0	0	0	0	0	0	4.09915872686088e-06	0.16	16.29	7.41	2.47	0	5.6	6.25	1.48	0	0	0	0	0	0	0.16	0	0	0.33	0	0	0	0	0	0	0	0	0	0	0	0	0	0	0	0.00443458980044346	False	HPV−
USH2A N3137N	0.01	0.99	0	2	3325.1	0	0.01	0	0	0	0	0	0	0	0	0	0	0	0	0	0.99	0	0	0	0	0	0	0	0	0	0	0	0	0	0	3.5823213326549e-06	0.15	14.6	0	0	0.15	0	0	0	0	0	0	0	0	0	0	0	0	0	14.6	0	0	0	0	0	0	0	0	0	0	0	0	0	0	0.00443458980044346	False	HPV−
HCN1 V381V	0.02	0.98	0.08	2	1578.08	0	0	0.02	0.68	0	0	0	0.04	0	0	0	0	0.02	0	0	0.22	0	0	0	0	0	0	0	0	0	0	0	0	0	0.02	5.42704439498253e-06	0.14	6.86	0.56	0	0	0.14	4.76	0	0	0	0.28	0	0	0	0	0.14	0	0	1.54	0	0	0	0	0	0	0	0	0	0	0	0	0	0.14	0.00443458980044346	False	HPV−
SLC24A4 E137K	0.01	0.99	0.27	2	3178.01	0.69	0	0	0	0	0	0.13	0.01	0.01	0	0.01	0	0.01	0	0	0.03	0	0.02	0	0	0.03	0	0	0	0.03	0	0	0	0	0.03	2.10822508443913e-06	0.14	13.95	3.81	9.72	0	0	0	0	0	1.83	0.14	0.14	0	0.14	0	0.14	0	0	0.42	0	0.28	0	0	0.42	0	0	0	0.42	0	0	0	0	0.42	0.00443458980044346	False	HPV−
PCDHA13 D481D	0.03	0.97	0.19	2	871.81	0.76	0.03	0	0	0.07	0	0	0	0	0	0	0.01	0.01	0	0	0.01	0	0	0	0	0	0	0	0	0.03	0	0	0	0	0.09	6.60150651081424e-06	0.12	3.75	0.73	2.94	0.12	0	0	0.27	0	0	0	0	0	0	0.04	0.04	0	0	0.04	0	0	0	0	0	0	0	0	0.12	0	0	0	0	0.35	0.00443458980044346	False	HPV−
MYH7 V411I	0.01	0.99	0.01	2	2645.41	0.97	0.01	0.01	0	0	0	0	0	0	0	0	0	0	0	0	0.01	0	0	0	0	0	0	0	0	0	0	0	0	0	0	2.36033472449309e-06	0.12	11.61	0.12	11.38	0.12	0.12	0	0	0	0	0	0	0	0	0	0	0	0	0.12	0	0	0	0	0	0	0	0	0	0	0	0	0	0	0.00443458980044346	False	HPV−
OR4C6 A214A	0.02	0.98	0.16	2	1248.23	0.82	0.02	0.01	0	0	0	0	0	0.07	0	0	0	0	0.04	0	0	0	0	0	0	0	0	0	0	0	0	0	0	0	0.03	4.52753181659236e-06	0.11	5.42	0.89	4.54	0.11	0.06	0	0	0	0	0	0.39	0	0	0	0	0.22	0	0	0	0	0	0	0	0	0	0	0	0	0	0	0	0.17	0.00443458980044346	False	HPV−
CNTNAP2 C745C	0.01	0.99	0.54	2	2320.09	0.44	0	0	0	0	0.4	0	0	0	0	0.02	0	0.01	0.08	0	0	0.02	0.02	0	0.01	0	0	0	0	0	0	0	0	0	0	4.00531789646533e-06	0.1	10.19	5.56	4.53	0	0	0	0	4.12	0	0	0	0	0.21	0	0.1	0.82	0	0	0.21	0.21	0	0.1	0	0	0	0	0	0	0	0	0	0	0.00443458980044346	False	HPV−
PFAS Y1202Y	0.01	0.99	0.02	2	2103.68	0.93	0.01	0.02	0	0	0	0	0	0	0	0	0	0	0	0	0.04	0	0	0	0	0	0	0	0	0	0	0	0	0	0	2.75124778317679e-06	0.09	9.24	0.19	8.68	0.09	0.19	0	0	0	0	0	0	0	0	0	0	0	0	0.37	0	0	0	0	0	0	0	0	0	0	0	0	0	0	0.00443458980044346	False	HPV−
ZFHX4 G754R	0.01	0.99	0.57	2	1949.43	0.41	0.01	0	0	0	0.11	0.04	0	0	0	0	0.01	0	0	0	0	0	0	0	0	0.31	0	0	0	0	0.09	0	0	0	0	4.74607860573967e-06	0.09	8.56	4.93	3.54	0.09	0	0	0	0.95	0.35	0	0	0	0	0.09	0	0	0	0	0	0	0	0	2.68	0	0	0	0	0.78	0	0	0	0	0.00443458980044346	False	HPV−
TMEM132D A56V	0.01	0.99	0.51	2	1923.27	0.46	0	0	0	0.32	0	0	0	0	0.12	0	0	0.01	0	0	0.01	0	0.05	0	0	0	0	0	0	0	0	0.02	0	0	0	4.95391255775938e-06	0.09	8.44	4.35	3.92	0	0	0	2.73	0	0	0	0	1.02	0	0	0.09	0	0	0.09	0	0.43	0	0	0	0	0	0	0	0	0.17	0	0	0	0.00443458980044346	False	HPV−
PCDHA4 N451N	0.01	0.99	0.37	2	1456.63	0.49	0.01	0	0.06	0	0	0	0.23	0	0	0	0	0	0	0	0.07	0	0	0	0	0	0	0	0	0	0	0	0	0	0.14	3.85449427428224e-06	0.06	6.39	2.39	3.17	0.06	0	0.39	0	0	0	1.49	0	0	0	0	0	0	0	0.45	0	0	0	0	0	0	0	0	0	0	0	0	0	0.9	0.00443458980044346	False	HPV−
PIK3CA H1047R	0	1	0.14	13	129915.96	0.09	0	0	0	0	0	0	0	0	0	0	0	0	0	0	0.77	0	0	0	0	0	0	0	0	0	0	0	0	0	0	5.81840682234249e-07	0	3744.81	524.27	337.03	0	0	0	0	0	0	0	0	0	0	0	0	0	0	2883.5	0	0	0	0	0	0	0	0	0	0	0	0	0	0	0.0288248337028825	False	HPV−
TP53 R282W	0	1	0.09	9	43424.07	0.82	0	0	0	0	0	0	0	0	0	0	0	0	0	0	0	0	0	0	0	0	0	0	0	0	0	0	0	0	0	2.47783298710628e-06	0	866.56	77.99	710.58	0	0	0	0	0	0	0	0	0	0	0	0	0	0	0	0	0	0	0	0	0	0	0	0	0	0	0	0	0	0.0199556541019956	False	HPV−
TP53 R248Q	0	1	0.14	6	29202.61	0.86	0	0	0	0	0	0	0	0	0	0	0	0	0	0	0.02	0	0	0	0	0	0	0	0	0	0	0	0	0	0	2.47783298710628e-06	0	388.5	54.39	334.11	0	0	0	0	0	0	0	0	0	0	0	0	0	0	7.77	0	0	0	0	0	0	0	0	0	0	0	0	0	0	0.0133037694013304	False	HPV−
TP53 V157F	0	1	0.25	5	185295.37	0	0	0.05	0.4	0	0	0	0	0	0	0	0	0	0	0	0.28	0	0	0	0	0	0	0	0	0.01	0	0	0	0	0	2.47783298710628e-06	0	2054.27	513.57	0	0	102.71	821.71	0	0	0	0	0	0	0	0	0	0	0	575.2	0	0	0	0	0	0	0	0	20.54	0	0	0	0	0	0.0110864745011086	False	HPV−
TP53 Y236C	0	1	0.33	4	31903.84	0.14	0	0.18	0	0	0.04	0	0	0	0	0	0	0	0	0	0.41	0	0	0	0	0	0	0	0	0	0	0	0	0	0	2.47783298710628e-06	0	282.96	93.38	39.61	0	50.93	0	0	11.32	0	0	0	0	0	0	0	0	0	116.01	0	0	0	0	0	0	0	0	0	0	0	0	0	0	0.00886917960088692	False	HPV−
TP53 R337L	0	1	0.1	3	86905.55	0.46	0	0	0.45	0.05	0	0	0	0	0.04	0	0	0	0	0	0	0	0	0	0	0	0	0	0	0	0	0	0	0	0	2.47783298710628e-06	0	578.09	57.81	265.92	0	0	260.14	28.9	0	0	0	0	23.12	0	0	0	0	0	0	0	0	0	0	0	0	0	0	0	0	0	0	0	0	0.00665188470066519	False	HPV−
TP53 T125T	0	1	0.35	3	19835.64	0	0	0	0.39	0	0	0	0.04	0	0	0	0	0	0	0	0	0	0	0	0	0	0	0	0	0	0	0	0	0	0	2.47783298710628e-06	0	131.94	46.18	0	0	0	51.46	0	0	0	5.28	0	0	0	0	0	0	0	0	0	0	0	0	0	0	0	0	0	0	0	0	0	0	0.00665188470066519	False	HPV−
MAGEB1 P274P	0	1	0.26	3	2123.13	0	0	0	0	0	0	0	0	0	0	0	0	0	0	0	0.18	0	0	0	0	0	0	0	0	0	0	0	0	0	0	4.13960639055609e-06	0	14.12	3.67	0	0	0	0	0	0	0	0	0	0	0	0	0	0	0	2.54	0	0	0	0	0	0	0	0	0	0	0	0	0	0	0.00665188470066519	False	HPV−
HRAS G13R	0	1	0.67	3	105691.39	0.31	0	0	0	0	0	0	0	0	0	0	0	0	0	0	0	0	0	0	0	0	0	0	0	0	0	0	0	0	0	1.25827103974429e-06	0	703.05	471.04	217.94	0	0	0	0	0	0	0	0	0	0	0	0	0	0	0	0	0	0	0	0	0	0	0	0	0	0	0	0	0	0.00665188470066519	False	HPV−
OR11H12 Q30K	0	1	0.38	3	8075.79	0	0	0	0.42	0	0	0	0	0	0	0	0	0	0	0	0.11	0	0	0	0	0	0	0	0	0	0	0	0	0	0	2.37297453531292e-06	0	53.72	20.41	0	0	0	22.56	0	0	0	0	0	0	0	0	0	0	0	5.91	0	0	0	0	0	0	0	0	0	0	0	0	0	0	0.00665188470066519	False	HPV−
TP53 L201*	0	1	0.64	2	43886.87	0.02	0	0.28	0	0	0	0	0	0.28	0	0	0	0	0	0	0.34	0	0.08	0	0	0	0	0	0	0	0	0	0	0	0	2.47783298710628e-06	0	194.62	124.56	3.89	0	54.49	0	0	0	0	0	54.49	0	0	0	0	0	0	66.17	0	15.57	0	0	0	0	0	0	0	0	0	0	0	0	0.00443458980044346	False	HPV−
TP53 V272M	0	1	0.14	2	16553.23	0.19	0	0.05	0.26	0	0	0	0.1	0	0	0	0	0	0	0	0.4	0	0	0	0	0	0	0	0	0	0	0	0	0	0	2.47783298710628e-06	0	73.41	10.28	13.95	0	3.67	19.09	0	0	0	7.34	0	0	0	0	0	0	0	29.36	0	0	0	0	0	0	0	0	0	0	0	0	0	0	0.00443458980044346	False	HPV−
TP53 T 7577017 G NCSNV	0	1	0	2	51052.06	0.01	0	0	0	0	0	0	0	0	0	0	0	0	0	0	0.99	0	0	0	0	0	0	0	0	0	0	0	0	0	0	2.47783298710628e-06	0	226.39	0	2.26	0	0	0	0	0	0	0	0	0	0	0	0	0	0	224.13	0	0	0	0	0	0	0	0	0	0	0	0	0	0	0.00443458980044346	False	HPV−
TP53 G 7579311 T NCSNV	0	1	0.46	2	12945.92	0.05	0	0	0.38	0	0	0	0.35	0	0	0	0.07	0	0.03	0	0.11	0	0	0	0	0.01	0	0	0	0	0	0	0	0	0	2.47783298710628e-06	0	57.41	26.41	2.87	0	0	21.82	0	0	0	20.09	0	0	0	4.02	0	1.72	0	6.32	0	0	0	0	0.57	0	0	0	0	0	0	0	0	0	0.00443458980044346	False	HPV−
CREBBP R1446C	0	1	0.48	2	5212.66	0	0	0.04	0.44	0	0	0	0	0	0	0	0	0	0	0	0.08	0	0	0	0	0	0	0	0	0	0.12	0	0	0	0.31	1.75403086731644e-06	0	23.12	11.1	0	0	0.92	10.17	0	0	0	0	0	0	0	0	0	0	0	1.85	0	0	0	0	0	0	0	0	0	2.77	0	0	0	7.17	0.00443458980044346	False	HPV−
SLCO1C1 S362R	0	1	0.26	2	2868.61	0.05	0	0.06	0.28	0.05	0	0	0	0	0	0	0	0	0	0	0.4	0	0.16	0	0	0	0	0	0	0	0	0	0	0	0	2.54661267644448e-06	0	12.72	3.31	0.64	0	0.76	3.56	0.64	0	0	0	0	0	0	0	0	0	0	5.09	0	2.04	0	0	0	0	0	0	0	0	0	0	0	0	0.00443458980044346	False	HPV−
CEP164 N79N	0	1	0.68	2	3927.38	0.32	0	0	0	0.17	0.12	0	0	0	0	0	0.01	0	0	0	0	0	0	0	0	0.27	0	0	0.01	0	0.1	0	0	0	0	1.60039535069481e-06	0	17.42	11.84	5.57	0	0	0	2.96	2.09	0	0	0	0	0	0.17	0	0	0	0	0	0	0	0	4.7	0	0	0.17	0	1.74	0	0	0	0	0.00443458980044346	False	HPV−
GUCY2C S606S	0	1	0.14	2	2516.34	0	0	0.02	0.72	0	0	0	0.09	0	0	0	0	0	0	0	0.14	0	0	0	0	0	0	0	0	0.03	0	0	0	0	0	1.83305773022893e-06	0	11.16	1.56	0	0	0.22	8.03	0	0	0	1	0	0	0	0	0	0	0	1.56	0	0	0	0	0	0	0	0	0.33	0	0	0	0	0	0.00443458980044346	False	HPV−
TMTC2 T409R	0	1	0.62	2	127383.61	0	0	0.22	0.38	0	0	0	0.11	0	0	0	0	0	0	0	0	0	0.07	0	0	0	0	0	0	0	0	0	0	0.01	0.22	1.52761714879536e-06	0	564.89	350.23	0	0	124.28	214.66	0	0	0	62.14	0	0	0	0	0	0	0	0	0	39.54	0	0	0	0	0	0	0	0	0	0	5.65	124.28	0.00443458980044346	False	HPV−
PLXND1 G913R	0	1	0.99	2	2709.98	0	0	0	0	0	0	0.66	0	0	0	0.33	0	0	0	0	0.01	0	0	0	0	0	0	0	0	0	0	0	0	0	0	2.1879141936166e-06	0	12.02	11.9	0	0	0	0	0	0	7.93	0	0	0	3.97	0	0	0	0	0.12	0	0	0	0	0	0	0	0	0	0	0	0	0	0	0.00443458980044346	False	HPV−
BZRAP1 R1376K	0	1	0.71	2	3021.93	0	0	0	0.28	0.1	0	0.34	0	0	0	0.15	0	0	0	0	0.01	0	0	0	0.05	0	0	0	0	0.07	0	0	0	0	0	1.05084165014638e-06	0	13.4	9.51	0	0	0	3.75	1.34	0	4.56	0	0	0	2.01	0	0	0	0	0.13	0	0	0	0.67	0	0	0	0	0.94	0	0	0	0	0	0.00443458980044346	True	HPV−
SGCE R173H	0	1	0.99	2	11459.97	0	0	0	0	0	0.68	0	0	0	0	0	0.01	0	0.08	0	0	0	0	0	0.01	0.03	0	0	0	0	0.18	0	0	0	0	7.5557892633869e-07	0	50.82	50.31	0	0	0	0	0	34.56	0	0	0	0	0	0.51	0	4.07	0	0	0	0	0	0.51	1.52	0	0	0	0	9.15	0	0	0	0	0.00443458980044346	False	HPV−
NLRP8 V428I	0	1	0.2	2	2655.69	0.77	0	0.01	0	0	0	0	0	0.01	0	0	0	0	0	0	0.02	0	0.03	0	0.06	0	0	0	0	0	0.04	0	0	0	0.04	2.41346215340124e-06	0	11.78	2.36	9.07	0	0.12	0	0	0	0	0	0.12	0	0	0	0	0	0	0.24	0	0.35	0	0.71	0	0	0	0	0	0.47	0	0	0	0.47	0.00443458980044346	False	HPV−
PDZD2 R953*	0	1	0.85	2	5425	0	0	0.5	0.12	0	0	0	0	0	0	0	0	0	0	0	0.03	0	0	0	0	0	0	0	0.04	0	0	0	0	0	0.31	1.77288864715927e-06	0	24.06	20.45	0	0	12.03	2.89	0	0	0	0	0	0	0	0	0	0	0	0.72	0	0	0	0	0	0	0	0.96	0	0	0	0	0	7.46	0.00443458980044346	False	HPV−
HRAS G12C	0	1	0.93	2	55282.23	0.05	0	0	0	0	0.08	0	0.01	0	0	0	0.05	0	0	0	0.02	0	0.13	0	0	0	0	0	0	0.02	0	0	0	0.65	0	1.25827103974429e-06	0	245.15	227.99	12.26	0	0	0	0	19.61	0	2.45	0	0	0	12.26	0	0	0	4.9	0	31.87	0	0	0	0	0	0	4.9	0	0	0	159.35	0	0.00443458980044346	False	HPV−
NRD1 E181E	0	1	0.92	2	13038.08	0	0	0.05	0.08	0.21	0	0.04	0	0	0	0	0.52	0	0	0	0	0	0	0.05	0	0	0	0	0	0.06	0	0	0	0	0	1.34353201048231e-06	0	57.82	53.19	0	0	2.89	4.63	12.14	0	2.31	0	0	0	0	30.07	0	0	0	0	0	0	2.89	0	0	0	0	0	3.47	0	0	0	0	0	0.00443458980044346	False	HPV−
EDIL3 Q173K	0	1	0.15	2	18647.17	0	0	0	0.7	0	0	0	0.08	0	0	0	0	0	0	0	0.15	0	0	0	0	0	0	0	0	0.04	0	0	0	0	0.03	7.59076291957141e-07	0	82.69	12.4	0	0	0	57.88	0	0	0	6.62	0	0	0	0	0	0	0	12.4	0	0	0	0	0	0	0	0	3.31	0	0	0	0	2.48	0.00443458980044346	False	HPV−
HIST1H3I K37M	0	1	0.45	2	5776.48	0.05	0	0	0	0.26	0	0	0.18	0	0	0	0	0	0	0	0.5	0	0	0	0	0	0	0	0	0	0	0	0	0	0	3.50082111602373e-06	0	25.62	11.53	1.28	0	0	0	6.66	0	0	4.61	0	0	0	0	0	0	0	12.81	0	0	0	0	0	0	0	0	0	0	0	0	0	0	0.00443458980044346	False	HPV−
IVD G408W	0	1	0.1	2	11664.42	0	0	0.02	0.75	0	0	0	0.04	0	0	0	0	0	0	0	0.16	0	0	0	0.03	0	0	0	0	0	0.01	0	0	0	0	1.01380200383474e-06	0	51.73	5.17	0	0	1.03	38.8	0	0	0	2.07	0	0	0	0	0	0	0	8.28	0	0	0	1.55	0	0	0	0	0	0.52	0	0	0	0	0.00443458980044346	False	HPV−
ATP7B V831I	0	1	0.17	2	3653.37	0.83	0	0.01	0	0	0	0	0	0.01	0.01	0	0	0	0	0	0	0	0.03	0	0.06	0	0	0	0	0	0	0	0	0	0.04	1.63746500315437e-06	0	16.2	2.75	13.45	0	0.16	0	0	0	0	0	0.16	0.16	0	0	0	0	0	0	0	0.49	0	0.97	0	0	0	0	0	0	0	0	0	0.65	0.00443458980044346	False	HPV−
MYOM1 R63Q	0	1	0.61	2	10642.17	0	0	0	0.34	0	0	0	0	0	0	0.11	0	0	0	0	0.05	0	0	0	0.38	0	0	0	0	0	0.11	0	0	0	0	8.88773889793994e-07	0	47.19	28.79	0	0	0	16.05	0	0	0	0	0	0	5.19	0	0	0	0	2.36	0	0	0	17.93	0	0	0	0	0	5.19	0	0	0	0	0.00443458980044346	False	HPV−
PCDH17 N579N	0	1	0.92	2	1232.55	0	0	0.09	0.06	0	0	0	0.5	0	0	0	0	0	0	0	0.02	0	0.04	0	0	0	0	0	0	0.08	0	0	0	0	0.22	4.823180982213e-06	0	5.47	5.03	0	0	0.49	0.33	0	0	0	2.73	0	0	0	0	0	0	0	0.11	0	0.22	0	0	0	0	0	0	0.44	0	0	0	0	1.2	0.00443458980044346	False	HPV−
SLMAP A 57743311 G NCSNV	0	1	0.13	2	9583.9	0.07	0	0.04	0	0	0	0	0	0	0	0	0	0	0	0	0.8	0	0	0	0	0	0	0	0.01	0	0.08	0	0	0	0	1.49266317351692e-06	0	42.5	5.53	2.98	0	1.7	0	0	0	0	0	0	0	0	0	0	0	0	34	0	0	0	0	0	0	0	0.43	0	3.4	0	0	0	0	0.00443458980044346	False	HPV−
SDR9C7 A104A	0	1	1	2	1812.98	0	0	0	0	0	0	0.58	0	0	0	0.42	0	0	0	0	0	0	0	0	0	0	0	0	0	0	0	0	0	0	0	2.95403356308699e-06	0	8.04	8.04	0	0	0	0	0	0	4.66	0	0	0	3.38	0	0	0	0	0	0	0	0	0	0	0	0	0	0	0	0	0	0	0	0.00443458980044346	False	HPV−
TCF21 A124A	0	1	0.15	2	1211.42	0.84	0	0	0	0.07	0	0	0.02	0	0	0	0	0	0	0	0	0	0.01	0	0	0.01	0	0	0	0	0	0	0	0	0.05	4.26883001236484e-06	0	5.37	0.81	4.51	0	0	0	0.38	0	0	0.11	0	0	0	0	0	0	0	0	0	0.05	0	0	0.05	0	0	0	0	0	0	0	0	0.27	0.00443458980044346	False	HPV−
CCSER2 Y766C	0	1	0.08	2	11500.86	0.01	0	0.02	0.07	0	0	0	0.06	0	0	0	0	0	0	0	0.84	0	0	0	0	0	0	0	0	0	0	0	0	0	0	5.36150178712134e-07	0	51	4.08	0.51	0	1.02	3.57	0	0	0	3.06	0	0	0	0	0	0	0	42.84	0	0	0	0	0	0	0	0	0	0	0	0	0	0	0.00443458980044346	False	HPV−
CHCHD4 T92M	0	1	0.55	2	7130.79	0.41	0	0	0.02	0.04	0	0	0.23	0	0	0	0	0	0	0	0.02	0	0	0.02	0	0	0	0	0	0	0	0	0	0.15	0.1	8.57963959871485e-07	0	31.62	17.39	12.97	0	0	0.63	1.26	0	0	7.27	0	0	0	0	0	0	0	0.63	0	0	0.63	0	0	0	0	0	0	0	0	0	4.74	3.16	0.00443458980044346	False	HPV−
TRHR V272L	0	1	0.5	2	3749.55	0	0	0	0	0	0	0.07	0	0	0	0.01	0	0	0	0	0.5	0	0	0.42	0	0	0	0	0	0	0	0	0	0	0	2.46494471829107e-06	0	16.63	8.31	0	0	0	0	0	0	1.16	0	0	0	0.17	0	0	0	0	8.31	0	0	6.98	0	0	0	0	0	0	0	0	0	0	0	0.00443458980044346	False	HPV−
OR2T33 D153D	0	1	0.1	2	1389.87	0.89	0	0	0	0.06	0	0	0	0	0	0	0	0	0	0	0	0	0.01	0	0	0.03	0	0	0	0	0	0	0	0	0	4.3235722045323e-06	0	6.16	0.62	5.49	0	0	0	0.37	0	0	0	0	0	0	0	0	0	0	0	0	0.06	0	0	0.18	0	0	0	0	0	0	0	0	0	0.00443458980044346	False	HPV−
MASP1 T215A	0	1	0.17	2	11595.65	0	0	0.06	0.39	0	0	0	0	0	0	0	0	0	0	0	0.44	0	0	0	0	0	0	0	0	0.11	0	0	0	0	0	1.30701800828033e-06	0	51.42	8.74	0	0	3.09	20.05	0	0	0	0	0	0	0	0	0	0	0	22.63	0	0	0	0	0	0	0	0	5.66	0	0	0	0	0	0.00443458980044346	False	HPV−
PRB3 R39*	0	1	0.47	2	4326.84	0.44	0	0	0	0	0	0	0.19	0	0	0.02	0	0	0.17	0	0.08	0	0	0.08	0	0	0	0	0	0	0	0	0.02	0	0	1.27275089890449e-06	0	19.19	9.02	8.44	0	0	0	0	0	0	3.65	0	0	0.38	0	0	3.26	0	1.54	0	0	1.54	0	0	0	0	0	0	0	0	0.38	0	0	0.00443458980044346	False	HPV−
H3F3B K37M	0	1	0.09	2	16863.99	0.04	0	0	0	0	0	0.02	0	0	0	0	0	0	0	0	0.87	0	0	0.04	0	0	0	0	0.03	0	0	0	0	0	0	1.32526604527187e-06	0	74.78	6.73	2.99	0	0	0	0	0	1.5	0	0	0	0	0	0	0	0	65.06	0	0	2.99	0	0	0	0	2.24	0	0	0	0	0	0	0.00443458980044346	False	HPV−
HPN A 35557003 T NCSNV	0	1	0.19	2	10409.79	0	0	0.04	0.65	0	0	0	0.15	0	0	0	0	0	0	0	0.16	0	0	0	0	0	0	0	0	0	0	0	0	0	0	1.64630985813075e-06	0	46.16	8.77	0	0	1.85	30.01	0	0	0	6.92	0	0	0	0	0	0	0	7.39	0	0	0	0	0	0	0	0	0	0	0	0	0	0	0.00443458980044346	False	HPV−
POLI V117L	0	1	0.41	2	22815.73	0.05	0	0.11	0.2	0	0	0	0.12	0	0	0	0	0	0	0	0.34	0	0.07	0	0	0	0	0	0	0.11	0	0	0	0	0	6.16583824101489e-07	0	101.18	41.48	5.06	0	11.13	20.24	0	0	0	12.14	0	0	0	0	0	0	0	34.4	0	7.08	0	0	0	0	0	0	11.13	0	0	0	0	0	0.00443458980044346	False	HPV−
GABBR2 W149*	0	1	1	2	2237.96	0	0	0	0	0	0	0.81	0	0	0	0.18	0	0	0	0	0	0	0	0.01	0	0	0	0	0	0	0	0	0	0	0	1.35463964565674e-06	0	9.92	9.92	0	0	0	0	0	0	8.04	0	0	0	1.79	0	0	0	0	0	0	0	0.1	0	0	0	0	0	0	0	0	0	0	0	0.00443458980044346	False	HPV−
FBXW7 R505G	0.12	0.88	0	2	1897982.82	0.88	0.02	0	0	0	0	0	0	0	0	0	0	0.09	0	0	0	0	0	0	0	0	0	0	0	0	0	0	0	0	0	8.13720109017367e-07	6601.68	48412.32	0	48412.32	1100.28	0	0	0	0	0	0	0	0	0	0	4951.26	0	0	0	0	0	0	0	0	0	0	0	0	0	0	0	0	0	0.0289855072463768	False	HPV+
PIK3CA E545K	0.99	0.01	0.01	8	33585.12	0	0.85	0	0	0	0	0	0	0	0	0	0	0.15	0	0	0	0	0	0	0	0	0	0	0	0	0	0	0	0	0	9.04965327539456e-07	3854.99	38.94	38.94	0	3309.84	0	0	0	0	0	0	0	0	0	0	584.09	0	0	0	0	0	0	0	0	0	0	0	0	0	0	0	0	0	0.115942028985507	True	HPV+
PIK3CA E542K	0.69	0.31	0.19	7	29640.56	0.03	0.67	0	0	0	0	0.09	0	0	0	0	0	0.08	0	0	0	0	0	0	0	0	0	0	0	0	0	0	0	0	0	9.04965327539456e-07	2074.84	932.17	571.33	90.21	2014.7	0	0	0	0	270.63	0	0	0	0	0	240.56	0	0	0	0	0	0	0	0	0	0	0	0	0	0	0	0	0	0.101449275362319	True	HPV+
FGFR3 S249C	0.85	0.15	0	3	52590.67	0.03	0	0	0	0	0	0	0	0	0	0	0	0.85	0	0	0	0	0	0	0	0	0	0	0	0	0	0	0	0	0	1.67108997243847e-06	1943.57	342.98	0	68.6	0	0	0	0	0	0	0	0	0	0	0	1943.57	0	0	0	0	0	0	0	0	0	0	0	0	0	0	0	0	0	0.0434782608695652	False	HPV+
FABP3 C 31838696 T NCSNV	0.67	0.33	0	2	72961.74	0.33	0.48	0	0	0	0	0	0	0	0	0	0	0.19	0	0	0	0	0	0	0	0	0	0	0	0	0	0	0	0	0	1.32389507820597e-06	1416.94	697.89	0	697.89	1015.12	0	0	0	0	0	0	0	0	0	0	401.82	0	0	0	0	0	0	0	0	0	0	0	0	0	0	0	0	0	0.0289855072463768	False	HPV+
MAPK1 E322K	0.7	0.3	0.13	3	33039.63	0.17	0.66	0	0	0	0	0.12	0	0	0	0	0	0.04	0	0	0	0	0	0	0	0	0	0	0	0	0	0	0	0	0	1.3028355318599e-06	1005.55	430.95	186.75	244.21	948.09	0	0	0	0	172.38	0	0	0	0	0	57.46	0	0	0	0	0	0	0	0	0	0	0	0	0	0	0	0	0	0.0434782608695652	False	HPV+
DHX15 R399H	0.5	0.5	0.01	2	65293.3	0.49	0.06	0	0	0	0	0	0	0	0	0	0	0.44	0	0	0.01	0	0	0	0	0	0	0	0	0	0	0	0	0	0	6.6298196256639e-07	946.28	946.28	18.93	927.35	113.55	0	0	0	0	0	0	0	0	0	0	832.73	0	0	18.93	0	0	0	0	0	0	0	0	0	0	0	0	0	0	0.0289855072463768	False	HPV+
IFNGR1 R123*	0.51	0.49	0.1	2	50109.31	0.39	0.5	0	0	0.02	0	0.02	0.01	0	0	0	0	0.01	0.03	0	0	0.01	0.01	0	0	0	0	0	0	0	0	0	0	0	0	9.37581396375638e-07	740.75	711.7	145.24	566.45	726.22	0	0	29.05	0	29.05	14.52	0	0	0	0	14.52	43.57	0	0	14.52	14.52	0	0	0	0	0	0	0	0	0	0	0	0	0.0289855072463768	False	HPV+
MYH7 E149K	1	0	0	2	21965.42	0	0.88	0	0	0	0	0	0	0	0	0	0	0.12	0	0	0	0	0	0	0	0	0	0	0	0	0	0	0	0	0	1.31463911507551e-06	636.68	0	0	0	560.28	0	0	0	0	0	0	0	0	0	0	76.4	0	0	0	0	0	0	0	0	0	0	0	0	0	0	0	0	0	0.0289855072463768	False	HPV+
PIK3CA R88Q	0.3	0.7	0.35	2	39880.05	0.33	0.26	0	0	0	0	0.17	0	0	0.18	0	0	0.04	0	0	0.02	0	0	0	0	0	0	0	0	0	0	0	0	0	0	9.04965327539456e-07	346.78	809.16	404.58	381.46	300.55	0	0	0	0	196.51	0	0	208.07	0	0	46.24	0	0	23.12	0	0	0	0	0	0	0	0	0	0	0	0	0	0	0.0289855072463768	False	HPV+
EP300 D1399N	0.07	0.93	0.01	4	79179.42	0.92	0.07	0	0	0	0	0	0	0	0	0	0.01	0	0	0	0	0	0	0	0	0	0	0	0	0	0	0	0	0	0	7.30646956759393e-07	321.31	4268.8	45.9	4222.9	321.31	0	0	0	0	0	0	0	0	0	45.9	0	0	0	0	0	0	0	0	0	0	0	0	0	0	0	0	0	0	0.0579710144927536	False	HPV+
MUC16 E1409Q	0.98	0.02	0	2	10071.78	0	0.27	0	0	0	0	0	0	0	0	0	0	0.72	0	0	0.01	0	0	0	0	0	0	0	0	0	0	0	0	0	0	1.87370529681612e-06	286.1	5.84	0	0	78.82	0	0	0	0	0	0	0	0	0	0	210.19	0	0	2.92	0	0	0	0	0	0	0	0	0	0	0	0	0	0	0.0289855072463768	True	HPV+
ALPK3 Q860Q	0.89	0.11	0.09	2	7006.26	0	0.76	0	0	0.01	0	0	0.04	0.03	0	0	0	0.13	0	0	0.02	0	0	0	0	0	0	0	0	0	0	0	0	0	0	1.6774746728083e-06	180.74	22.34	18.28	0	154.34	0	0	2.03	0	0	8.12	6.09	0	0	0	26.4	0	0	4.06	0	0	0	0	0	0	0	0	0	0	0	0	0	0	0.0289855072463768	True	HPV+
PCDHA6 S608S	0.47	0.53	0.09	2	12409.01	0.44	0.42	0.09	0	0	0	0	0	0	0	0	0	0.05	0	0	0	0	0	0	0	0	0	0	0	0	0	0	0	0	0	1.98059058766656e-06	169.05	190.63	32.37	158.26	151.07	32.37	0	0	0	0	0	0	0	0	0	17.98	0	0	0	0	0	0	0	0	0	0	0	0	0	0	0	0	0	0.0289855072463768	False	HPV+
